   4.0000000e+02   1.3434582e-02
   4.0100000e+02   1.3462198e-02
   4.0200000e+02   1.3560793e-02
   4.0300000e+02   1.3712852e-02
   4.0400000e+02   1.3903094e-02
   4.0500000e+02   1.4118353e-02
   4.0600000e+02   1.4347446e-02
   4.0700000e+02   1.4581048e-02
   4.0800000e+02   1.4811567e-02
   4.0900000e+02   1.5033014e-02
   4.1000000e+02   1.5240877e-02
   4.1100000e+02   1.5431996e-02
   4.1200000e+02   1.5604434e-02
   4.1300000e+02   1.5757352e-02
   4.1400000e+02   1.5890880e-02
   4.1500000e+02   1.6005994e-02
   4.1600000e+02   1.6104384e-02
   4.1700000e+02   1.6188332e-02
   4.1800000e+02   1.6260582e-02
   4.1900000e+02   1.6324214e-02
   4.2000000e+02   1.6382519e-02
   4.2100000e+02   1.6458035e-02
   4.2200000e+02   1.6533595e-02
   4.2300000e+02   1.6611594e-02
   4.2400000e+02   1.6693654e-02
   4.2500000e+02   1.6780107e-02
   4.2600000e+02   1.6871641e-02
   4.2700000e+02   1.6970695e-02
   4.2800000e+02   1.7082875e-02
   4.2900000e+02   1.7212254e-02
   4.3000000e+02   1.7354533e-02
   4.3100000e+02   1.7502754e-02
   4.3200000e+02   1.7652487e-02
   4.3300000e+02   1.7795254e-02
   4.3400000e+02   1.7914928e-02
   4.3500000e+02   1.8006083e-02
   4.3600000e+02   1.8067600e-02
   4.3700000e+02   1.8085619e-02
   4.3800000e+02   1.8053875e-02
   4.3900000e+02   1.7976528e-02
   4.4000000e+02   1.7845710e-02
   4.4100000e+02   1.7652462e-02
   4.4200000e+02   1.7406182e-02
   4.4300000e+02   1.7112672e-02
   4.4400000e+02   1.6768339e-02
   4.4500000e+02   1.6383951e-02
   4.4600000e+02   1.5976420e-02
   4.4700000e+02   1.5548720e-02
   4.4800000e+02   1.5103851e-02
   4.4900000e+02   1.4654505e-02
   4.5000000e+02   1.4206813e-02
   4.5100000e+02   1.3764922e-02
   4.5200000e+02   1.3338346e-02
   4.5300000e+02   1.2937206e-02
   4.5400000e+02   1.2567741e-02
   4.5500000e+02   1.2230653e-02
   4.5600000e+02   1.1927034e-02
   4.5700000e+02   1.1656526e-02
   4.5800000e+02   1.1412891e-02
   4.5900000e+02   1.1194104e-02
   4.6000000e+02   1.1003575e-02
   4.6100000e+02   1.0838575e-02
   4.6200000e+02   1.0694989e-02
   4.6300000e+02   1.0571642e-02
   4.6400000e+02   1.0462740e-02
   4.6500000e+02   1.0359047e-02
   4.6600000e+02   1.0257184e-02
   4.6700000e+02   1.0156112e-02
   4.6800000e+02   1.0054292e-02
   4.6900000e+02   9.9509890e-03
   4.7000000e+02   9.8465066e-03
   4.7100000e+02   9.7399442e-03
   4.7200000e+02   9.6309653e-03
   4.7300000e+02   9.5161660e-03
   4.7400000e+02   9.3956896e-03
   4.7500000e+02   9.2725709e-03
   4.7600000e+02   9.1446246e-03
   4.7700000e+02   9.0119773e-03
   4.7800000e+02   8.8813950e-03
   4.7900000e+02   8.7560978e-03
   4.8000000e+02   8.6362679e-03
   4.8100000e+02   8.5269391e-03
   4.8200000e+02   8.4301421e-03
   4.8300000e+02   8.3435301e-03
   4.8400000e+02   8.2638019e-03
   4.8500000e+02   8.1904109e-03
   4.8600000e+02   8.1240447e-03
   4.8700000e+02   8.0617134e-03
   4.8800000e+02   8.0032465e-03
   4.8900000e+02   7.9523674e-03
   4.9000000e+02   7.9070368e-03
   4.9100000e+02   7.8631081e-03
   4.9200000e+02   7.8212523e-03
   4.9300000e+02   7.7799288e-03
   4.9400000e+02   7.7351526e-03
   4.9500000e+02   7.6856971e-03
   4.9600000e+02   7.6302934e-03
   4.9700000e+02   7.5663249e-03
   4.9800000e+02   7.4907918e-03
   4.9900000e+02   7.4029588e-03
   5.0000000e+02   7.3028271e-03
   5.0100000e+02   7.1909394e-03
   5.0200000e+02   7.0692636e-03
   5.0300000e+02   6.9402275e-03
   5.0400000e+02   6.8040166e-03
   5.0500000e+02   6.6605848e-03
   5.0600000e+02   6.5125678e-03
   5.0700000e+02   6.3600158e-03
   5.0800000e+02   6.2041051e-03
   5.0900000e+02   6.0474699e-03
   5.1000000e+02   5.8923440e-03
   5.1100000e+02   5.7396731e-03
   5.1200000e+02   5.5914524e-03
   5.1300000e+02   5.4480291e-03
   5.1400000e+02   5.3113074e-03
   5.1500000e+02   5.1806816e-03
   5.1600000e+02   5.0523824e-03
   5.1700000e+02   4.9266143e-03
   5.1800000e+02   4.8047486e-03
   5.1900000e+02   4.6845255e-03
   5.2000000e+02   4.5661790e-03
   5.2100000e+02   4.4537176e-03
   5.2200000e+02   4.3473660e-03
   5.2300000e+02   4.2457474e-03
   5.2400000e+02   4.1483568e-03
   5.2500000e+02   4.0545460e-03
   5.2600000e+02   3.9629135e-03
   5.2700000e+02   3.8743262e-03
   5.2800000e+02   3.7917615e-03
   5.2900000e+02   3.7149541e-03
   5.3000000e+02   3.6436183e-03
   5.3100000e+02   3.5787745e-03
   5.3200000e+02   3.5184716e-03
   5.3300000e+02   3.4595871e-03
   5.3400000e+02   3.4034372e-03
   5.3500000e+02   3.3512226e-03
   5.3600000e+02   3.3011626e-03
   5.3700000e+02   3.2525868e-03
   5.3800000e+02   3.2065318e-03
   5.3900000e+02   3.1629973e-03
   5.4000000e+02   3.1208458e-03
   5.4100000e+02   3.0809958e-03
   5.4200000e+02   3.0447601e-03
   5.4300000e+02   3.0113437e-03
   5.4400000e+02   2.9765223e-03
   5.4500000e+02   2.9405724e-03
   5.4600000e+02   2.9057857e-03
   5.4700000e+02   2.8699591e-03
   5.4800000e+02   2.8328454e-03
   5.4900000e+02   2.7981517e-03
   5.5000000e+02   2.7648865e-03
   5.5100000e+02   2.7309771e-03
   5.5200000e+02   2.6976554e-03
   5.5300000e+02   2.6657070e-03
   5.5400000e+02   2.6375259e-03
   5.5500000e+02   2.6135703e-03
   5.5600000e+02   2.5916212e-03
   5.5700000e+02   2.5726788e-03
   5.5800000e+02   2.5563590e-03
   5.5900000e+02   2.5402224e-03
   5.6000000e+02   2.5268326e-03
   5.6100000e+02   2.5172841e-03
   5.6200000e+02   2.5107881e-03
   5.6300000e+02   2.5072027e-03
   5.6400000e+02   2.5059019e-03
   5.6500000e+02   2.5047415e-03
   5.6600000e+02   2.5054361e-03
   5.6700000e+02   2.5106152e-03
   5.6800000e+02   2.5205851e-03
   5.6900000e+02   2.5357709e-03
   5.7000000e+02   2.5572991e-03
   5.7100000e+02   2.5840162e-03
   5.7200000e+02   2.6130675e-03
   5.7300000e+02   2.6440007e-03
   5.7400000e+02   2.6763230e-03
   5.7500000e+02   2.7089915e-03
   5.7600000e+02   2.7426923e-03
   5.7700000e+02   2.7781016e-03
   5.7800000e+02   2.8149867e-03
   5.7900000e+02   2.8526843e-03
   5.8000000e+02   2.8903513e-03
   5.8100000e+02   2.9273984e-03
   5.8200000e+02   2.9634925e-03
   5.8300000e+02   2.9980375e-03
   5.8400000e+02   3.0291137e-03
   5.8500000e+02   3.0578494e-03
   5.8600000e+02   3.0834383e-03
   5.8700000e+02   3.1034076e-03
   5.8800000e+02   3.1185468e-03
   5.8900000e+02   3.1318234e-03
   5.9000000e+02   3.1426137e-03
   5.9100000e+02   3.1517360e-03
   5.9200000e+02   3.1623297e-03
   5.9300000e+02   3.1745745e-03
   5.9400000e+02   3.1889301e-03
   5.9500000e+02   3.2047625e-03
   5.9600000e+02   3.2206206e-03
   5.9700000e+02   3.2376768e-03
   5.9800000e+02   3.2567371e-03
   5.9900000e+02   3.2774446e-03
   6.0000000e+02   3.3015624e-03
   6.0100000e+02   3.3294124e-03
   6.0200000e+02   3.3602616e-03
   6.0300000e+02   3.3946637e-03
   6.0400000e+02   3.4328069e-03
   6.0500000e+02   3.4738559e-03
   6.0600000e+02   3.5200156e-03
   6.0700000e+02   3.5710096e-03
   6.0800000e+02   3.6257048e-03
   6.0900000e+02   3.6848090e-03
   6.1000000e+02   3.7488728e-03
   6.1100000e+02   3.8156807e-03
   6.1200000e+02   3.8837658e-03
   6.1300000e+02   3.9528229e-03
   6.1400000e+02   4.0203247e-03
   6.1500000e+02   4.0853435e-03
   6.1600000e+02   4.1496481e-03
   6.1700000e+02   4.2131242e-03
   6.1800000e+02   4.2728939e-03
   6.1900000e+02   4.3288971e-03
   6.2000000e+02   4.3819637e-03
   6.2100000e+02   4.4313923e-03
   6.2200000e+02   4.4769638e-03
   6.2300000e+02   4.5204563e-03
   6.2400000e+02   4.5608613e-03
   6.2500000e+02   4.5957634e-03
   6.2600000e+02   4.6241068e-03
   6.2700000e+02   4.6454032e-03
   6.2800000e+02   4.6591875e-03
   6.2900000e+02   4.6675671e-03
   6.3000000e+02   4.6710566e-03
   6.3100000e+02   4.6694931e-03
   6.3200000e+02   4.6637913e-03
   6.3300000e+02   4.6539463e-03
   6.3400000e+02   4.6398927e-03
   6.3500000e+02   4.6230706e-03
   6.3600000e+02   4.6048952e-03
   6.3700000e+02   4.5860705e-03
   6.3800000e+02   4.5665694e-03
   6.3900000e+02   4.5459292e-03
   6.4000000e+02   4.5237457e-03
   6.4100000e+02   4.4993771e-03
   6.4200000e+02   4.4723580e-03
   6.4300000e+02   4.4458402e-03
   6.4400000e+02   4.4226783e-03
   6.4500000e+02   4.4047481e-03
   6.4600000e+02   4.3950673e-03
   6.4700000e+02   4.3982789e-03
   6.4800000e+02   4.4170727e-03
   6.4900000e+02   4.4540103e-03
   6.5000000e+02   4.5140513e-03
   6.5100000e+02   4.5994588e-03
   6.5200000e+02   4.7120957e-03
   6.5300000e+02   4.8548291e-03
   6.5400000e+02   5.0300127e-03
   6.5500000e+02   5.2379388e-03
   6.5600000e+02   5.4799173e-03
   6.5700000e+02   5.7552099e-03
   6.5800000e+02   6.0610281e-03
   6.5900000e+02   6.3957521e-03
   6.6000000e+02   6.7578343e-03
   6.6100000e+02   7.1433080e-03
   6.6200000e+02   7.5474541e-03
   6.6300000e+02   7.9659924e-03
   6.6400000e+02   8.3929791e-03
   6.6500000e+02   8.8210902e-03
   6.6600000e+02   9.2437047e-03
   6.6700000e+02   9.6537392e-03
   6.6800000e+02   1.0044254e-02
   6.6900000e+02   1.0409588e-02
   6.7000000e+02   1.0744060e-02
   6.7100000e+02   1.1042966e-02
   6.7200000e+02   1.1300404e-02
   6.7300000e+02   1.1511817e-02
   6.7400000e+02   1.1673927e-02
   6.7500000e+02   1.1781057e-02
   6.7600000e+02   1.1828027e-02
   6.7700000e+02   1.1814213e-02
   6.7800000e+02   1.1737549e-02
   6.7900000e+02   1.1595393e-02
   6.8000000e+02   1.1387937e-02
   6.8100000e+02   1.1116934e-02
   6.8200000e+02   1.0784839e-02
   6.8300000e+02   1.0396735e-02
   6.8400000e+02   9.9572108e-03
   6.8500000e+02   9.4740223e-03
   6.8600000e+02   8.9556678e-03
   6.8700000e+02   8.4106228e-03
   6.8800000e+02   7.8467060e-03
   6.8900000e+02   7.2723938e-03
   6.9000000e+02   6.6958407e-03
   6.9100000e+02   6.1234590e-03
   6.9200000e+02   5.5630998e-03
   6.9300000e+02   5.0222537e-03
   6.9400000e+02   4.5069661e-03
   6.9500000e+02   4.0220564e-03
   6.9600000e+02   3.5736271e-03
   6.9700000e+02   3.1641648e-03
   6.9800000e+02   2.7944936e-03
   6.9900000e+02   2.4673778e-03
   7.0000000e+02   2.1837051e-03
   7.0100000e+02   1.9399744e-03
   7.0200000e+02   1.7328681e-03
   7.0300000e+02   1.5594442e-03
   7.0400000e+02   1.4143891e-03
   7.0500000e+02   1.2905395e-03
   7.0600000e+02   1.1827951e-03
   7.0700000e+02   1.0868256e-03
   7.0800000e+02   9.9963663e-04
   7.0900000e+02   9.1913713e-04
   7.1000000e+02   8.4547025e-04
   7.1100000e+02   7.7991188e-04
   7.1200000e+02   7.2080387e-04
   7.1300000e+02   6.6827338e-04
   7.1400000e+02   6.2232209e-04
   7.1500000e+02   5.8060775e-04
   7.1600000e+02   5.4255389e-04
   7.1700000e+02   5.0958359e-04
   7.1800000e+02   4.7763786e-04
   7.1900000e+02   4.4516362e-04
   7.2000000e+02   4.1386977e-04
   7.2100000e+02   3.8297507e-04
   7.2200000e+02   3.5208055e-04
   7.2300000e+02   3.2307482e-04
   7.2400000e+02   2.9570495e-04
   7.2500000e+02   2.7073762e-04
   7.2600000e+02   2.4944804e-04
   7.2700000e+02   2.3209985e-04
   7.2800000e+02   2.1958010e-04
   7.2900000e+02   2.1194344e-04
   7.3000000e+02   2.0942988e-04
   7.3100000e+02   2.0848095e-04
   7.3200000e+02   2.0866772e-04
   7.3300000e+02   2.0795648e-04
   7.3400000e+02   2.0524738e-04
   7.3500000e+02   2.0090261e-04
   7.3600000e+02   1.9451731e-04
   7.3700000e+02   1.8477021e-04
   7.3800000e+02   1.7306284e-04
   7.3900000e+02   1.6171109e-04
   7.4000000e+02   1.4993225e-04
   7.4100000e+02   1.3709827e-04
   7.4200000e+02   1.2473032e-04
   7.4300000e+02   1.1310929e-04
   7.4400000e+02   1.0078640e-04
   7.4500000e+02   8.7839969e-05
   7.4600000e+02   7.5205906e-05
   7.4700000e+02   6.1646114e-05
   7.4800000e+02   4.6886454e-05
   7.4900000e+02   3.1630200e-05
   7.5000000e+02   1.6902430e-05
   7.5100000e+02   4.1238954e-06
   7.5200000e+02   0.0000000e+00
   7.5300000e+02   0.0000000e+00
   7.5400000e+02   0.0000000e+00
   7.5500000e+02   0.0000000e+00
   7.5600000e+02   0.0000000e+00
   7.5700000e+02   0.0000000e+00
   7.5800000e+02   0.0000000e+00
   7.5900000e+02   0.0000000e+00
   7.6000000e+02   0.0000000e+00
   7.6100000e+02   4.8068812e-07
   7.6200000e+02   2.4855945e-06
   7.6300000e+02   4.7080767e-06
   7.6400000e+02   5.5692052e-06
   7.6500000e+02   4.4000233e-06
   7.6600000e+02   2.6508169e-06
   7.6700000e+02   7.8191947e-07
   7.6800000e+02   0.0000000e+00
   7.6900000e+02   0.0000000e+00
   7.7000000e+02   0.0000000e+00
   7.7100000e+02   0.0000000e+00
   7.7200000e+02   0.0000000e+00
   7.7300000e+02   0.0000000e+00
   7.7400000e+02   0.0000000e+00
   7.7500000e+02   0.0000000e+00
   7.7600000e+02   0.0000000e+00
   7.7700000e+02   0.0000000e+00
   7.7800000e+02   0.0000000e+00
   7.7900000e+02   0.0000000e+00
   7.8000000e+02   0.0000000e+00
   7.8100000e+02   0.0000000e+00
   7.8200000e+02   0.0000000e+00
   7.8300000e+02   0.0000000e+00
   7.8400000e+02   0.0000000e+00
   7.8500000e+02   0.0000000e+00
   7.8600000e+02   0.0000000e+00
   7.8700000e+02   0.0000000e+00
   7.8800000e+02   0.0000000e+00
   7.8900000e+02   0.0000000e+00
   7.9000000e+02   0.0000000e+00
   7.9100000e+02   0.0000000e+00
   7.9200000e+02   0.0000000e+00
   7.9300000e+02   0.0000000e+00
   7.9400000e+02   0.0000000e+00
   7.9500000e+02   0.0000000e+00
   7.9600000e+02   0.0000000e+00
   7.9700000e+02   0.0000000e+00
   7.9800000e+02   0.0000000e+00
   7.9900000e+02   0.0000000e+00
   8.0000000e+02   0.0000000e+00
   8.0100000e+02   0.0000000e+00
   8.0200000e+02   0.0000000e+00
   8.0300000e+02   0.0000000e+00
   8.0400000e+02   0.0000000e+00
   8.0500000e+02   0.0000000e+00
   8.0600000e+02   0.0000000e+00
   8.0700000e+02   0.0000000e+00
   8.0800000e+02   0.0000000e+00
   8.0900000e+02   0.0000000e+00
   8.1000000e+02   0.0000000e+00
   8.1100000e+02   0.0000000e+00
   8.1200000e+02   0.0000000e+00
   8.1300000e+02   0.0000000e+00
   8.1400000e+02   0.0000000e+00
   8.1500000e+02   0.0000000e+00
   8.1600000e+02   0.0000000e+00
   8.1700000e+02   0.0000000e+00
   8.1800000e+02   0.0000000e+00
   8.1900000e+02   0.0000000e+00
   8.2000000e+02   0.0000000e+00
   8.2100000e+02   0.0000000e+00
   8.2200000e+02   0.0000000e+00
   8.2300000e+02   0.0000000e+00
   8.2400000e+02   0.0000000e+00
   8.2500000e+02   0.0000000e+00
   8.2600000e+02   0.0000000e+00
   8.2700000e+02   0.0000000e+00
   8.2800000e+02   0.0000000e+00
   8.2900000e+02   0.0000000e+00
   8.3000000e+02   0.0000000e+00
   8.3100000e+02   0.0000000e+00
   8.3200000e+02   0.0000000e+00
   8.3300000e+02   0.0000000e+00
   8.3400000e+02   0.0000000e+00
   8.3500000e+02   0.0000000e+00
   8.3600000e+02   0.0000000e+00
   8.3700000e+02   0.0000000e+00
   8.3800000e+02   0.0000000e+00
   8.3900000e+02   0.0000000e+00
   8.4000000e+02   0.0000000e+00
   8.4100000e+02   0.0000000e+00
   8.4200000e+02   0.0000000e+00
   8.4300000e+02   0.0000000e+00
   8.4400000e+02   0.0000000e+00
   8.4500000e+02   0.0000000e+00
   8.4600000e+02   0.0000000e+00
   8.4700000e+02   0.0000000e+00
   8.4800000e+02   0.0000000e+00
   8.4900000e+02   0.0000000e+00
   8.5000000e+02   0.0000000e+00
   8.5100000e+02   0.0000000e+00
   8.5200000e+02   0.0000000e+00
   8.5300000e+02   0.0000000e+00
   8.5400000e+02   0.0000000e+00
   8.5500000e+02   0.0000000e+00
   8.5600000e+02   0.0000000e+00
   8.5700000e+02   0.0000000e+00
   8.5800000e+02   0.0000000e+00
   8.5900000e+02   0.0000000e+00
   8.6000000e+02   0.0000000e+00
   8.6100000e+02   0.0000000e+00
   8.6200000e+02   0.0000000e+00
   8.6300000e+02   0.0000000e+00
   8.6400000e+02   0.0000000e+00
   8.6500000e+02   0.0000000e+00
   8.6600000e+02   0.0000000e+00
   8.6700000e+02   0.0000000e+00
   8.6800000e+02   0.0000000e+00
   8.6900000e+02   0.0000000e+00
   8.7000000e+02   0.0000000e+00
   8.7100000e+02   0.0000000e+00
   8.7200000e+02   0.0000000e+00
   8.7300000e+02   0.0000000e+00
   8.7400000e+02   0.0000000e+00
   8.7500000e+02   0.0000000e+00
   8.7600000e+02   0.0000000e+00
   8.7700000e+02   0.0000000e+00
   8.7800000e+02   0.0000000e+00
   8.7900000e+02   0.0000000e+00
   8.8000000e+02   0.0000000e+00
   8.8100000e+02   0.0000000e+00
   8.8200000e+02   0.0000000e+00
   8.8300000e+02   0.0000000e+00
   8.8400000e+02   0.0000000e+00
   8.8500000e+02   0.0000000e+00
   8.8600000e+02   0.0000000e+00
   8.8700000e+02   0.0000000e+00
   8.8800000e+02   0.0000000e+00
   8.8900000e+02   0.0000000e+00
   8.9000000e+02   0.0000000e+00
   8.9100000e+02   0.0000000e+00
   8.9200000e+02   0.0000000e+00
   8.9300000e+02   0.0000000e+00
   8.9400000e+02   0.0000000e+00
   8.9500000e+02   0.0000000e+00
   8.9600000e+02   0.0000000e+00
   8.9700000e+02   0.0000000e+00
   8.9800000e+02   0.0000000e+00
   8.9900000e+02   0.0000000e+00
   9.0000000e+02   0.0000000e+00
