   4.0000000e+02   2.5676230e-01
   4.0100000e+02   2.5679265e-01
   4.0200000e+02   2.5840427e-01
   4.0300000e+02   2.6123489e-01
   4.0400000e+02   2.6496631e-01
   4.0500000e+02   2.6932200e-01
   4.0600000e+02   2.7406472e-01
   4.0700000e+02   2.7899403e-01
   4.0800000e+02   2.8394392e-01
   4.0900000e+02   2.8878036e-01
   4.1000000e+02   2.9339890e-01
   4.1100000e+02   2.9772223e-01
   4.1200000e+02   3.0169779e-01
   4.1300000e+02   3.0529531e-01
   4.1400000e+02   3.0850440e-01
   4.1500000e+02   3.1133214e-01
   4.1600000e+02   3.1380068e-01
   4.1700000e+02   3.1594476e-01
   4.1800000e+02   3.1780933e-01
   4.1900000e+02   3.1944713e-01
   4.2000000e+02   3.2091627e-01
   4.2100000e+02   3.2254901e-01
   4.2200000e+02   3.2396904e-01
   4.2300000e+02   3.2539707e-01
   4.2400000e+02   3.2691299e-01
   4.2500000e+02   3.2856995e-01
   4.2600000e+02   3.3046792e-01
   4.2700000e+02   3.3261715e-01
   4.2800000e+02   3.3496746e-01
   4.2900000e+02   3.3749309e-01
   4.3000000e+02   3.4009106e-01
   4.3100000e+02   3.4268324e-01
   4.3200000e+02   3.4519745e-01
   4.3300000e+02   3.4747249e-01
   4.3400000e+02   3.4934036e-01
   4.3500000e+02   3.5071170e-01
   4.3600000e+02   3.5144443e-01
   4.3700000e+02   3.5137845e-01
   4.3800000e+02   3.5042291e-01
   4.3900000e+02   3.4849109e-01
   4.4000000e+02   3.4549410e-01
   4.4100000e+02   3.4142970e-01
   4.4200000e+02   3.3634914e-01
   4.4300000e+02   3.3030233e-01
   4.4400000e+02   3.2340524e-01
   4.4500000e+02   3.1581622e-01
   4.4600000e+02   3.0765763e-01
   4.4700000e+02   2.9909973e-01
   4.4800000e+02   2.9037844e-01
   4.4900000e+02   2.8166845e-01
   4.5000000e+02   2.7315186e-01
   4.5100000e+02   2.6500561e-01
   4.5200000e+02   2.5735618e-01
   4.5300000e+02   2.5028910e-01
   4.5400000e+02   2.4387243e-01
   4.5500000e+02   2.3815627e-01
   4.5600000e+02   2.3316413e-01
   4.5700000e+02   2.2885910e-01
   4.5800000e+02   2.2517907e-01
   4.5900000e+02   2.2208670e-01
   4.6000000e+02   2.1950154e-01
   4.6100000e+02   2.1730425e-01
   4.6200000e+02   2.1544587e-01
   4.6300000e+02   2.1385066e-01
   4.6400000e+02   2.1233519e-01
   4.6500000e+02   2.1075951e-01
   4.6600000e+02   2.0907749e-01
   4.6700000e+02   2.0719844e-01
   4.6800000e+02   2.0507990e-01
   4.6900000e+02   2.0278986e-01
   4.7000000e+02   2.0032804e-01
   4.7100000e+02   1.9771276e-01
   4.7200000e+02   1.9499380e-01
   4.7300000e+02   1.9217838e-01
   4.7400000e+02   1.8926122e-01
   4.7500000e+02   1.8632755e-01
   4.7600000e+02   1.8342116e-01
   4.7700000e+02   1.8055878e-01
   4.7800000e+02   1.7779315e-01
   4.7900000e+02   1.7514968e-01
   4.8000000e+02   1.7260932e-01
   4.8100000e+02   1.7019479e-01
   4.8200000e+02   1.6792851e-01
   4.8300000e+02   1.6579221e-01
   4.8400000e+02   1.6378267e-01
   4.8500000e+02   1.6189302e-01
   4.8600000e+02   1.6005501e-01
   4.8700000e+02   1.5823478e-01
   4.8800000e+02   1.5644182e-01
   4.8900000e+02   1.5464565e-01
   4.9000000e+02   1.5282389e-01
   4.9100000e+02   1.5097198e-01
   4.9200000e+02   1.4906293e-01
   4.9300000e+02   1.4705815e-01
   4.9400000e+02   1.4495105e-01
   4.9500000e+02   1.4272715e-01
   4.9600000e+02   1.4035850e-01
   4.9700000e+02   1.3782635e-01
   4.9800000e+02   1.3514173e-01
   4.9900000e+02   1.3232083e-01
   5.0000000e+02   1.2939841e-01
   5.0100000e+02   1.2640896e-01
   5.0200000e+02   1.2335561e-01
   5.0300000e+02   1.2020664e-01
   5.0400000e+02   1.1695932e-01
   5.0500000e+02   1.1363435e-01
   5.0600000e+02   1.1025920e-01
   5.0700000e+02   1.0688472e-01
   5.0800000e+02   1.0355680e-01
   5.0900000e+02   1.0029350e-01
   5.1000000e+02   9.7081466e-02
   5.1100000e+02   9.3917738e-02
   5.1200000e+02   9.0820322e-02
   5.1300000e+02   8.7809654e-02
   5.1400000e+02   8.4903137e-02
   5.1500000e+02   8.2138103e-02
   5.1600000e+02   7.9539075e-02
   5.1700000e+02   7.7094505e-02
   5.1800000e+02   7.4793906e-02
   5.1900000e+02   7.2627252e-02
   5.2000000e+02   7.0579944e-02
   5.2100000e+02   6.8668529e-02
   5.2200000e+02   6.6894419e-02
   5.2300000e+02   6.5261261e-02
   5.2400000e+02   6.3793608e-02
   5.2500000e+02   6.2500273e-02
   5.2600000e+02   6.1356920e-02
   5.2700000e+02   6.0351570e-02
   5.2800000e+02   5.9460717e-02
   5.2900000e+02   5.8651118e-02
   5.3000000e+02   5.7899619e-02
   5.3100000e+02   5.7203276e-02
   5.3200000e+02   5.6580181e-02
   5.3300000e+02   5.6032685e-02
   5.3400000e+02   5.5554756e-02
   5.3500000e+02   5.5137929e-02
   5.3600000e+02   5.4749748e-02
   5.3700000e+02   5.4368827e-02
   5.3800000e+02   5.4002734e-02
   5.3900000e+02   5.3657718e-02
   5.4000000e+02   5.3331171e-02
   5.4100000e+02   5.3029933e-02
   5.4200000e+02   5.2743121e-02
   5.4300000e+02   5.2462371e-02
   5.4400000e+02   5.2180683e-02
   5.4500000e+02   5.1891890e-02
   5.4600000e+02   5.1599888e-02
   5.4700000e+02   5.1320592e-02
   5.4800000e+02   5.1050491e-02
   5.4900000e+02   5.0780529e-02
   5.5000000e+02   5.0525951e-02
   5.5100000e+02   5.0292007e-02
   5.5200000e+02   5.0076243e-02
   5.5300000e+02   4.9897319e-02
   5.5400000e+02   4.9773744e-02
   5.5500000e+02   4.9700783e-02
   5.5600000e+02   4.9687852e-02
   5.5700000e+02   4.9728279e-02
   5.5800000e+02   4.9793548e-02
   5.5900000e+02   4.9874715e-02
   5.6000000e+02   4.9967941e-02
   5.6100000e+02   5.0065956e-02
   5.6200000e+02   5.0182472e-02
   5.6300000e+02   5.0341377e-02
   5.6400000e+02   5.0550523e-02
   5.6500000e+02   5.0815375e-02
   5.6600000e+02   5.1121011e-02
   5.6700000e+02   5.1438390e-02
   5.6800000e+02   5.1761104e-02
   5.6900000e+02   5.2084300e-02
   5.7000000e+02   5.2394013e-02
   5.7100000e+02   5.2702456e-02
   5.7200000e+02   5.3023425e-02
   5.7300000e+02   5.3338945e-02
   5.7400000e+02   5.3647462e-02
   5.7500000e+02   5.3947819e-02
   5.7600000e+02   5.4223286e-02
   5.7700000e+02   5.4478441e-02
   5.7800000e+02   5.4720152e-02
   5.7900000e+02   5.4931941e-02
   5.8000000e+02   5.5119634e-02
   5.8100000e+02   5.5304798e-02
   5.8200000e+02   5.5487738e-02
   5.8300000e+02   5.5670125e-02
   5.8400000e+02   5.5848679e-02
   5.8500000e+02   5.6010301e-02
   5.8600000e+02   5.6142586e-02
   5.8700000e+02   5.6245270e-02
   5.8800000e+02   5.6318218e-02
   5.8900000e+02   5.6369511e-02
   5.9000000e+02   5.6417886e-02
   5.9100000e+02   5.6456417e-02
   5.9200000e+02   5.6472646e-02
   5.9300000e+02   5.6489163e-02
   5.9400000e+02   5.6521365e-02
   5.9500000e+02   5.6563313e-02
   5.9600000e+02   5.6621944e-02
   5.9700000e+02   5.6710008e-02
   5.9800000e+02   5.6826300e-02
   5.9900000e+02   5.6980666e-02
   6.0000000e+02   5.7176523e-02
   6.0100000e+02   5.7441381e-02
   6.0200000e+02   5.7807765e-02
   6.0300000e+02   5.8268704e-02
   6.0400000e+02   5.8813914e-02
   6.0500000e+02   5.9456925e-02
   6.0600000e+02   6.0191034e-02
   6.0700000e+02   6.0988626e-02
   6.0800000e+02   6.1856230e-02
   6.0900000e+02   6.2785865e-02
   6.1000000e+02   6.3759271e-02
   6.1100000e+02   6.4769050e-02
   6.1200000e+02   6.5797015e-02
   6.1300000e+02   6.6825860e-02
   6.1400000e+02   6.7860977e-02
   6.1500000e+02   6.8895858e-02
   6.1600000e+02   6.9913993e-02
   6.1700000e+02   7.0909911e-02
   6.1800000e+02   7.1863144e-02
   6.1900000e+02   7.2745941e-02
   6.2000000e+02   7.3561025e-02
   6.2100000e+02   7.4313638e-02
   6.2200000e+02   7.4995686e-02
   6.2300000e+02   7.5610516e-02
   6.2400000e+02   7.6168043e-02
   6.2500000e+02   7.6657557e-02
   6.2600000e+02   7.7069738e-02
   6.2700000e+02   7.7421995e-02
   6.2800000e+02   7.7720361e-02
   6.2900000e+02   7.7966859e-02
   6.3000000e+02   7.8170924e-02
   6.3100000e+02   7.8338866e-02
   6.3200000e+02   7.8475477e-02
   6.3300000e+02   7.8592777e-02
   6.3400000e+02   7.8711135e-02
   6.3500000e+02   7.8832300e-02
   6.3600000e+02   7.8960032e-02
   6.3700000e+02   7.9108136e-02
   6.3800000e+02   7.9276735e-02
   6.3900000e+02   7.9469165e-02
   6.4000000e+02   7.9707743e-02
   6.4100000e+02   8.0007403e-02
   6.4200000e+02   8.0361088e-02
   6.4300000e+02   8.0769078e-02
   6.4400000e+02   8.1239031e-02
   6.4500000e+02   8.1784155e-02
   6.4600000e+02   8.2425451e-02
   6.4700000e+02   8.3183594e-02
   6.4800000e+02   8.4102346e-02
   6.4900000e+02   8.5216428e-02
   6.5000000e+02   8.6549318e-02
   6.5100000e+02   8.8136654e-02
   6.5200000e+02   9.0018010e-02
   6.5300000e+02   9.2238500e-02
   6.5400000e+02   9.4848975e-02
   6.5500000e+02   9.7886199e-02
   6.5600000e+02   1.0137170e-01
   6.5700000e+02   1.0533421e-01
   6.5800000e+02   1.0977637e-01
   6.5900000e+02   1.1466943e-01
   6.6000000e+02   1.1997182e-01
   6.6100000e+02   1.2562463e-01
   6.6200000e+02   1.3157707e-01
   6.6300000e+02   1.3777739e-01
   6.6400000e+02   1.4415392e-01
   6.6500000e+02   1.5062879e-01
   6.6600000e+02   1.5712840e-01
   6.6700000e+02   1.6356069e-01
   6.6800000e+02   1.6981673e-01
   6.6900000e+02   1.7579993e-01
   6.7000000e+02   1.8141196e-01
   6.7100000e+02   1.8654330e-01
   6.7200000e+02   1.9104898e-01
   6.7300000e+02   1.9477790e-01
   6.7400000e+02   1.9761624e-01
   6.7500000e+02   1.9945488e-01
   6.7600000e+02   2.0021011e-01
   6.7700000e+02   1.9982104e-01
   6.7800000e+02   1.9826614e-01
   6.7900000e+02   1.9554246e-01
   6.8000000e+02   1.9166902e-01
   6.8100000e+02   1.8667265e-01
   6.8200000e+02   1.8062119e-01
   6.8300000e+02   1.7361327e-01
   6.8400000e+02   1.6574594e-01
   6.8500000e+02   1.5714633e-01
   6.8600000e+02   1.4796712e-01
   6.8700000e+02   1.3835922e-01
   6.8800000e+02   1.2847051e-01
   6.8900000e+02   1.1845680e-01
   6.9000000e+02   1.0846581e-01
   6.9100000e+02   9.8646946e-02
   6.9200000e+02   8.9148296e-02
   6.9300000e+02   8.0089854e-02
   6.9400000e+02   7.1582149e-02
   6.9500000e+02   6.3718618e-02
   6.9600000e+02   5.6552431e-02
   6.9700000e+02   5.0126403e-02
   6.9800000e+02   4.4452154e-02
   6.9900000e+02   3.9484632e-02
   7.0000000e+02   3.5157136e-02
   7.0100000e+02   3.1418679e-02
   7.0200000e+02   2.8219210e-02
   7.0300000e+02   2.5474806e-02
   7.0400000e+02   2.3103516e-02
   7.0500000e+02   2.1051214e-02
   7.0600000e+02   1.9255935e-02
   7.0700000e+02   1.7648621e-02
   7.0800000e+02   1.6206918e-02
   7.0900000e+02   1.4937506e-02
   7.1000000e+02   1.3831725e-02
   7.1100000e+02   1.2871666e-02
   7.1200000e+02   1.2018201e-02
   7.1300000e+02   1.1246457e-02
   7.1400000e+02   1.0545432e-02
   7.1500000e+02   9.9069071e-03
   7.1600000e+02   9.3081791e-03
   7.1700000e+02   8.7386916e-03
   7.1800000e+02   8.2153825e-03
   7.1900000e+02   7.7306041e-03
   7.2000000e+02   7.2686413e-03
   7.2100000e+02   6.8384729e-03
   7.2200000e+02   6.4577013e-03
   7.2300000e+02   6.1163351e-03
   7.2400000e+02   5.7990273e-03
   7.2500000e+02   5.5034289e-03
   7.2600000e+02   5.2245328e-03
   7.2700000e+02   4.9450749e-03
   7.2800000e+02   4.6619445e-03
   7.2900000e+02   4.3835252e-03
   7.3000000e+02   4.0811979e-03
   7.3100000e+02   3.8330444e-03
   7.3200000e+02   3.6261706e-03
   7.3300000e+02   3.4483333e-03
   7.3400000e+02   3.2943136e-03
   7.3500000e+02   3.1524448e-03
   7.3600000e+02   3.0090964e-03
   7.3700000e+02   2.8651935e-03
   7.3800000e+02   2.7221468e-03
   7.3900000e+02   2.5688418e-03
   7.4000000e+02   2.4012527e-03
   7.4100000e+02   2.2349028e-03
   7.4200000e+02   2.0751219e-03
   7.4300000e+02   1.9132353e-03
   7.4400000e+02   1.7467910e-03
   7.4500000e+02   1.5807704e-03
   7.4600000e+02   1.4070676e-03
   7.4700000e+02   1.2194077e-03
   7.4800000e+02   1.0331852e-03
   7.4900000e+02   8.6049711e-04
   7.5000000e+02   7.0130979e-04
   7.5100000e+02   5.5958980e-04
   7.5200000e+02   4.3567154e-04
   7.5300000e+02   3.3056518e-04
   7.5400000e+02   2.4010324e-04
   7.5500000e+02   1.5774909e-04
   7.5600000e+02   7.0807111e-05
   7.5700000e+02   0.0000000e+00
   7.5800000e+02   0.0000000e+00
   7.5900000e+02   0.0000000e+00
   7.6000000e+02   0.0000000e+00
   7.6100000e+02   0.0000000e+00
   7.6200000e+02   0.0000000e+00
   7.6300000e+02   0.0000000e+00
   7.6400000e+02   0.0000000e+00
   7.6500000e+02   0.0000000e+00
   7.6600000e+02   4.1692775e-05
   7.6700000e+02   6.0968950e-05
   7.6800000e+02   6.4781001e-05
   7.6900000e+02   4.6910561e-05
   7.7000000e+02   0.0000000e+00
   7.7100000e+02   0.0000000e+00
   7.7200000e+02   0.0000000e+00
   7.7300000e+02   0.0000000e+00
   7.7400000e+02   0.0000000e+00
   7.7500000e+02   0.0000000e+00
   7.7600000e+02   0.0000000e+00
   7.7700000e+02   0.0000000e+00
   7.7800000e+02   0.0000000e+00
   7.7900000e+02   0.0000000e+00
   7.8000000e+02   0.0000000e+00
   7.8100000e+02   0.0000000e+00
   7.8200000e+02   0.0000000e+00
   7.8300000e+02   0.0000000e+00
   7.8400000e+02   0.0000000e+00
   7.8500000e+02   0.0000000e+00
   7.8600000e+02   0.0000000e+00
   7.8700000e+02   0.0000000e+00
   7.8800000e+02   0.0000000e+00
   7.8900000e+02   0.0000000e+00
   7.9000000e+02   0.0000000e+00
   7.9100000e+02   0.0000000e+00
   7.9200000e+02   0.0000000e+00
   7.9300000e+02   0.0000000e+00
   7.9400000e+02   0.0000000e+00
   7.9500000e+02   0.0000000e+00
   7.9600000e+02   0.0000000e+00
   7.9700000e+02   0.0000000e+00
   7.9800000e+02   0.0000000e+00
   7.9900000e+02   0.0000000e+00
   8.0000000e+02   0.0000000e+00
   8.0100000e+02   0.0000000e+00
   8.0200000e+02   0.0000000e+00
   8.0300000e+02   0.0000000e+00
   8.0400000e+02   0.0000000e+00
   8.0500000e+02   0.0000000e+00
   8.0600000e+02   0.0000000e+00
   8.0700000e+02   0.0000000e+00
   8.0800000e+02   0.0000000e+00
   8.0900000e+02   0.0000000e+00
   8.1000000e+02   0.0000000e+00
   8.1100000e+02   0.0000000e+00
   8.1200000e+02   0.0000000e+00
   8.1300000e+02   0.0000000e+00
   8.1400000e+02   0.0000000e+00
   8.1500000e+02   0.0000000e+00
   8.1600000e+02   0.0000000e+00
   8.1700000e+02   0.0000000e+00
   8.1800000e+02   0.0000000e+00
   8.1900000e+02   0.0000000e+00
   8.2000000e+02   0.0000000e+00
   8.2100000e+02   0.0000000e+00
   8.2200000e+02   0.0000000e+00
   8.2300000e+02   0.0000000e+00
   8.2400000e+02   0.0000000e+00
   8.2500000e+02   0.0000000e+00
   8.2600000e+02   0.0000000e+00
   8.2700000e+02   0.0000000e+00
   8.2800000e+02   0.0000000e+00
   8.2900000e+02   0.0000000e+00
   8.3000000e+02   0.0000000e+00
   8.3100000e+02   0.0000000e+00
   8.3200000e+02   0.0000000e+00
   8.3300000e+02   0.0000000e+00
   8.3400000e+02   0.0000000e+00
   8.3500000e+02   0.0000000e+00
   8.3600000e+02   0.0000000e+00
   8.3700000e+02   0.0000000e+00
   8.3800000e+02   0.0000000e+00
   8.3900000e+02   0.0000000e+00
   8.4000000e+02   0.0000000e+00
   8.4100000e+02   0.0000000e+00
   8.4200000e+02   0.0000000e+00
   8.4300000e+02   0.0000000e+00
   8.4400000e+02   0.0000000e+00
   8.4500000e+02   0.0000000e+00
   8.4600000e+02   0.0000000e+00
   8.4700000e+02   0.0000000e+00
   8.4800000e+02   0.0000000e+00
   8.4900000e+02   0.0000000e+00
   8.5000000e+02   0.0000000e+00
   8.5100000e+02   0.0000000e+00
   8.5200000e+02   0.0000000e+00
   8.5300000e+02   0.0000000e+00
   8.5400000e+02   0.0000000e+00
   8.5500000e+02   0.0000000e+00
   8.5600000e+02   0.0000000e+00
   8.5700000e+02   0.0000000e+00
   8.5800000e+02   0.0000000e+00
   8.5900000e+02   0.0000000e+00
   8.6000000e+02   0.0000000e+00
   8.6100000e+02   0.0000000e+00
   8.6200000e+02   0.0000000e+00
   8.6300000e+02   0.0000000e+00
   8.6400000e+02   0.0000000e+00
   8.6500000e+02   0.0000000e+00
   8.6600000e+02   0.0000000e+00
   8.6700000e+02   0.0000000e+00
   8.6800000e+02   0.0000000e+00
   8.6900000e+02   0.0000000e+00
   8.7000000e+02   0.0000000e+00
   8.7100000e+02   0.0000000e+00
   8.7200000e+02   0.0000000e+00
   8.7300000e+02   0.0000000e+00
   8.7400000e+02   0.0000000e+00
   8.7500000e+02   0.0000000e+00
   8.7600000e+02   0.0000000e+00
   8.7700000e+02   0.0000000e+00
   8.7800000e+02   0.0000000e+00
   8.7900000e+02   0.0000000e+00
   8.8000000e+02   0.0000000e+00
   8.8100000e+02   0.0000000e+00
   8.8200000e+02   0.0000000e+00
   8.8300000e+02   0.0000000e+00
   8.8400000e+02   0.0000000e+00
   8.8500000e+02   0.0000000e+00
   8.8600000e+02   0.0000000e+00
   8.8700000e+02   0.0000000e+00
   8.8800000e+02   0.0000000e+00
   8.8900000e+02   0.0000000e+00
   8.9000000e+02   0.0000000e+00
   8.9100000e+02   0.0000000e+00
   8.9200000e+02   0.0000000e+00
   8.9300000e+02   0.0000000e+00
   8.9400000e+02   0.0000000e+00
   8.9500000e+02   0.0000000e+00
   8.9600000e+02   0.0000000e+00
   8.9700000e+02   0.0000000e+00
   8.9800000e+02   0.0000000e+00
   8.9900000e+02   0.0000000e+00
   9.0000000e+02   0.0000000e+00
