   4.0000000e+02   4.4032442e-01
   4.0100000e+02   4.3910766e-01
   4.0200000e+02   4.3783074e-01
   4.0300000e+02   4.3647854e-01
   4.0400000e+02   4.3503856e-01
   4.0500000e+02   4.3350076e-01
   4.0600000e+02   4.3185744e-01
   4.0700000e+02   4.3010303e-01
   4.0800000e+02   4.2823395e-01
   4.0900000e+02   4.2624843e-01
   4.1000000e+02   4.2414637e-01
   4.1100000e+02   4.2192919e-01
   4.1200000e+02   4.1959960e-01
   4.1300000e+02   4.1716152e-01
   4.1400000e+02   4.1461988e-01
   4.1500000e+02   4.1198045e-01
   4.1600000e+02   4.0924968e-01
   4.1700000e+02   4.0643457e-01
   4.1800000e+02   4.0354245e-01
   4.1900000e+02   4.0058089e-01
   4.2000000e+02   3.9755747e-01
   4.2100000e+02   3.9446049e-01
   4.2200000e+02   3.9139754e-01
   4.2300000e+02   3.8828264e-01
   4.2400000e+02   3.8515022e-01
   4.2500000e+02   3.8196874e-01
   4.2600000e+02   3.7868714e-01
   4.2700000e+02   3.7534867e-01
   4.2800000e+02   3.7199969e-01
   4.2900000e+02   3.6862442e-01
   4.3000000e+02   3.6524489e-01
   4.3100000e+02   3.6185731e-01
   4.3200000e+02   3.5841688e-01
   4.3300000e+02   3.5495710e-01
   4.3400000e+02   3.5152155e-01
   4.3500000e+02   3.4805433e-01
   4.3600000e+02   3.4454972e-01
   4.3700000e+02   3.4099790e-01
   4.3800000e+02   3.3732994e-01
   4.3900000e+02   3.3353351e-01
   4.4000000e+02   3.2966771e-01
   4.4100000e+02   3.2577650e-01
   4.4200000e+02   3.2189187e-01
   4.4300000e+02   3.1799907e-01
   4.4400000e+02   3.1407872e-01
   4.4500000e+02   3.1016655e-01
   4.4600000e+02   3.0628464e-01
   4.4700000e+02   3.0241461e-01
   4.4800000e+02   2.9856124e-01
   4.4900000e+02   2.9473413e-01
   4.5000000e+02   2.9089220e-01
   4.5100000e+02   2.8704304e-01
   4.5200000e+02   2.8320407e-01
   4.5300000e+02   2.7943609e-01
   4.5400000e+02   2.7581207e-01
   4.5500000e+02   2.7232984e-01
   4.5600000e+02   2.6896830e-01
   4.5700000e+02   2.6573910e-01
   4.5800000e+02   2.6259766e-01
   4.5900000e+02   2.5948678e-01
   4.6000000e+02   2.5642224e-01
   4.6100000e+02   2.5338992e-01
   4.6200000e+02   2.5036158e-01
   4.6300000e+02   2.4735828e-01
   4.6400000e+02   2.4441571e-01
   4.6500000e+02   2.4154211e-01
   4.6600000e+02   2.3876127e-01
   4.6700000e+02   2.3610321e-01
   4.6800000e+02   2.3354492e-01
   4.6900000e+02   2.3100043e-01
   4.7000000e+02   2.2842430e-01
   4.7100000e+02   2.2577962e-01
   4.7200000e+02   2.2307261e-01
   4.7300000e+02   2.2036413e-01
   4.7400000e+02   2.1768315e-01
   4.7500000e+02   2.1501961e-01
   4.7600000e+02   2.1240590e-01
   4.7700000e+02   2.0984364e-01
   4.7800000e+02   2.0729098e-01
   4.7900000e+02   2.0478261e-01
   4.8000000e+02   2.0236783e-01
   4.8100000e+02   2.0003438e-01
   4.8200000e+02   1.9776373e-01
   4.8300000e+02   1.9555519e-01
   4.8400000e+02   1.9339680e-01
   4.8500000e+02   1.9128853e-01
   4.8600000e+02   1.8925235e-01
   4.8700000e+02   1.8728330e-01
   4.8800000e+02   1.8536999e-01
   4.8900000e+02   1.8351238e-01
   4.9000000e+02   1.8170487e-01
   4.9100000e+02   1.7996322e-01
   4.9200000e+02   1.7830206e-01
   4.9300000e+02   1.7673924e-01
   4.9400000e+02   1.7529917e-01
   4.9500000e+02   1.7396402e-01
   4.9600000e+02   1.7267727e-01
   4.9700000e+02   1.7142696e-01
   4.9800000e+02   1.7018974e-01
   4.9900000e+02   1.6891260e-01
   5.0000000e+02   1.6757155e-01
   5.0100000e+02   1.6615555e-01
   5.0200000e+02   1.6466625e-01
   5.0300000e+02   1.6313784e-01
   5.0400000e+02   1.6159748e-01
   5.0500000e+02   1.6006356e-01
   5.0600000e+02   1.5856460e-01
   5.0700000e+02   1.5710422e-01
   5.0800000e+02   1.5564929e-01
   5.0900000e+02   1.5416324e-01
   5.1000000e+02   1.5264309e-01
   5.1100000e+02   1.5110365e-01
   5.1200000e+02   1.4956251e-01
   5.1300000e+02   1.4802420e-01
   5.1400000e+02   1.4651044e-01
   5.1500000e+02   1.4505515e-01
   5.1600000e+02   1.4365996e-01
   5.1700000e+02   1.4230121e-01
   5.1800000e+02   1.4099572e-01
   5.1900000e+02   1.3978809e-01
   5.2000000e+02   1.3867738e-01
   5.2100000e+02   1.3762558e-01
   5.2200000e+02   1.3661793e-01
   5.2300000e+02   1.3565163e-01
   5.2400000e+02   1.3468431e-01
   5.2500000e+02   1.3367281e-01
   5.2600000e+02   1.3265011e-01
   5.2700000e+02   1.3162566e-01
   5.2800000e+02   1.3058806e-01
   5.2900000e+02   1.2954594e-01
   5.3000000e+02   1.2852168e-01
   5.3100000e+02   1.2751971e-01
   5.3200000e+02   1.2653605e-01
   5.3300000e+02   1.2556828e-01
   5.3400000e+02   1.2460094e-01
   5.3500000e+02   1.2362493e-01
   5.3600000e+02   1.2263659e-01
   5.3700000e+02   1.2164221e-01
   5.3800000e+02   1.2062968e-01
   5.3900000e+02   1.1960533e-01
   5.4000000e+02   1.1857917e-01
   5.4100000e+02   1.1753138e-01
   5.4200000e+02   1.1645675e-01
   5.4300000e+02   1.1536142e-01
   5.4400000e+02   1.1424446e-01
   5.4500000e+02   1.1310450e-01
   5.4600000e+02   1.1195174e-01
   5.4700000e+02   1.1079505e-01
   5.4800000e+02   1.0963837e-01
   5.4900000e+02   1.0848457e-01
   5.5000000e+02   1.0730849e-01
   5.5100000e+02   1.0610279e-01
   5.5200000e+02   1.0489662e-01
   5.5300000e+02   1.0369258e-01
   5.5400000e+02   1.0249741e-01
   5.5500000e+02   1.0133297e-01
   5.5600000e+02   1.0017937e-01
   5.5700000e+02   9.9011978e-02
   5.5800000e+02   9.7862589e-02
   5.5900000e+02   9.6746935e-02
   5.6000000e+02   9.5670446e-02
   5.6100000e+02   9.4656368e-02
   5.6200000e+02   9.3683706e-02
   5.6300000e+02   9.2718748e-02
   5.6400000e+02   9.1750864e-02
   5.6500000e+02   9.0775227e-02
   5.6600000e+02   8.9799697e-02
   5.6700000e+02   8.8840539e-02
   5.6800000e+02   8.7901817e-02
   5.6900000e+02   8.6974716e-02
   5.7000000e+02   8.6067192e-02
   5.7100000e+02   8.5185642e-02
   5.7200000e+02   8.4336352e-02
   5.7300000e+02   8.3528644e-02
   5.7400000e+02   8.2759659e-02
   5.7500000e+02   8.2023870e-02
   5.7600000e+02   8.1318381e-02
   5.7700000e+02   8.0631894e-02
   5.7800000e+02   7.9961199e-02
   5.7900000e+02   7.9338331e-02
   5.8000000e+02   7.8768281e-02
   5.8100000e+02   7.8228081e-02
   5.8200000e+02   7.7705602e-02
   5.8300000e+02   7.7181891e-02
   5.8400000e+02   7.6645069e-02
   5.8500000e+02   7.6101747e-02
   5.8600000e+02   7.5559772e-02
   5.8700000e+02   7.5022742e-02
   5.8800000e+02   7.4494711e-02
   5.8900000e+02   7.3956591e-02
   5.9000000e+02   7.3386910e-02
   5.9100000e+02   7.2814548e-02
   5.9200000e+02   7.2287280e-02
   5.9300000e+02   7.1799174e-02
   5.9400000e+02   7.1339426e-02
   5.9500000e+02   7.0903330e-02
   5.9600000e+02   7.0478914e-02
   5.9700000e+02   7.0051457e-02
   5.9800000e+02   6.9631302e-02
   5.9900000e+02   6.9228664e-02
   6.0000000e+02   6.8861261e-02
   6.0100000e+02   6.8519265e-02
   6.0200000e+02   6.8182415e-02
   6.0300000e+02   6.7855887e-02
   6.0400000e+02   6.7535545e-02
   6.0500000e+02   6.7206547e-02
   6.0600000e+02   6.6857289e-02
   6.0700000e+02   6.6485030e-02
   6.0800000e+02   6.6084558e-02
   6.0900000e+02   6.5678611e-02
   6.1000000e+02   6.5281081e-02
   6.1100000e+02   6.4890635e-02
   6.1200000e+02   6.4513776e-02
   6.1300000e+02   6.4159615e-02
   6.1400000e+02   6.3808749e-02
   6.1500000e+02   6.3442129e-02
   6.1600000e+02   6.3068265e-02
   6.1700000e+02   6.2683873e-02
   6.1800000e+02   6.2283665e-02
   6.1900000e+02   6.1892765e-02
   6.2000000e+02   6.1516063e-02
   6.2100000e+02   6.1127444e-02
   6.2200000e+02   6.0719657e-02
   6.2300000e+02   6.0295343e-02
   6.2400000e+02   5.9845522e-02
   6.2500000e+02   5.9374784e-02
   6.2600000e+02   5.8895132e-02
   6.2700000e+02   5.8397987e-02
   6.2800000e+02   5.7882197e-02
   6.2900000e+02   5.7342765e-02
   6.3000000e+02   5.6784750e-02
   6.3100000e+02   5.6233085e-02
   6.3200000e+02   5.5696935e-02
   6.3300000e+02   5.5170431e-02
   6.3400000e+02   5.4639791e-02
   6.3500000e+02   5.4101483e-02
   6.3600000e+02   5.3572974e-02
   6.3700000e+02   5.3072575e-02
   6.3800000e+02   5.2621476e-02
   6.3900000e+02   5.2235801e-02
   6.4000000e+02   5.1913390e-02
   6.4100000e+02   5.1631428e-02
   6.4200000e+02   5.1386049e-02
   6.4300000e+02   5.1152671e-02
   6.4400000e+02   5.0908746e-02
   6.4500000e+02   5.0660344e-02
   6.4600000e+02   5.0414598e-02
   6.4700000e+02   5.0192889e-02
   6.4800000e+02   5.0021163e-02
   6.4900000e+02   4.9925747e-02
   6.5000000e+02   4.9897925e-02
   6.5100000e+02   4.9925547e-02
   6.5200000e+02   5.0017450e-02
   6.5300000e+02   5.0180350e-02
   6.5400000e+02   5.0404380e-02
   6.5500000e+02   5.0701424e-02
   6.5600000e+02   5.1073115e-02
   6.5700000e+02   5.1475012e-02
   6.5800000e+02   5.1896800e-02
   6.5900000e+02   5.2354663e-02
   6.6000000e+02   5.2840577e-02
   6.6100000e+02   5.3340907e-02
   6.6200000e+02   5.3837922e-02
   6.6300000e+02   5.4288443e-02
   6.6400000e+02   5.4650951e-02
   6.6500000e+02   5.4905247e-02
   6.6600000e+02   5.5023220e-02
   6.6700000e+02   5.5001103e-02
   6.6800000e+02   5.4862473e-02
   6.6900000e+02   5.4599037e-02
   6.7000000e+02   5.4177032e-02
   6.7100000e+02   5.3594652e-02
   6.7200000e+02   5.2848139e-02
   6.7300000e+02   5.1931517e-02
   6.7400000e+02   5.0845502e-02
   6.7500000e+02   4.9613969e-02
   6.7600000e+02   4.8276922e-02
   6.7700000e+02   4.6879696e-02
   6.7800000e+02   4.5451103e-02
   6.7900000e+02   4.4016083e-02
   6.8000000e+02   4.2598419e-02
   6.8100000e+02   4.1210176e-02
   6.8200000e+02   3.9844767e-02
   6.8300000e+02   3.8479491e-02
   6.8400000e+02   3.7128269e-02
   6.8500000e+02   3.5807207e-02
   6.8600000e+02   3.4521017e-02
   6.8700000e+02   3.3287580e-02
   6.8800000e+02   3.2124826e-02
   6.8900000e+02   3.1046019e-02
   6.9000000e+02   3.0061653e-02
   6.9100000e+02   2.9157675e-02
   6.9200000e+02   2.8309728e-02
   6.9300000e+02   2.7513633e-02
   6.9400000e+02   2.6739535e-02
   6.9500000e+02   2.5962922e-02
   6.9600000e+02   2.5201465e-02
   6.9700000e+02   2.4474209e-02
   6.9800000e+02   2.3795712e-02
   6.9900000e+02   2.3201688e-02
   7.0000000e+02   2.2722817e-02
   7.0100000e+02   2.2326029e-02
   7.0200000e+02   2.1950495e-02
   7.0300000e+02   2.1568041e-02
   7.0400000e+02   2.1161709e-02
   7.0500000e+02   2.0709161e-02
   7.0600000e+02   2.0232135e-02
   7.0700000e+02   1.9791820e-02
   7.0800000e+02   1.9400803e-02
   7.0900000e+02   1.9030784e-02
   7.1000000e+02   1.8667983e-02
   7.1100000e+02   1.8314352e-02
   7.1200000e+02   1.7961748e-02
   7.1300000e+02   1.7607717e-02
   7.1400000e+02   1.7264689e-02
   7.1500000e+02   1.6924647e-02
   7.1600000e+02   1.6584182e-02
   7.1700000e+02   1.6252586e-02
   7.1800000e+02   1.5928137e-02
   7.1900000e+02   1.5613474e-02
   7.2000000e+02   1.5327568e-02
   7.2100000e+02   1.5074482e-02
   7.2200000e+02   1.4838467e-02
   7.2300000e+02   1.4605586e-02
   7.2400000e+02   1.4367861e-02
   7.2500000e+02   1.4110080e-02
   7.2600000e+02   1.3821266e-02
   7.2700000e+02   1.3510023e-02
   7.2800000e+02   1.3192816e-02
   7.2900000e+02   1.2902942e-02
   7.3000000e+02   1.2661045e-02
   7.3100000e+02   1.2439647e-02
   7.3200000e+02   1.2220400e-02
   7.3300000e+02   1.2013245e-02
   7.3400000e+02   1.1769432e-02
   7.3500000e+02   1.1462238e-02
   7.3600000e+02   1.1146380e-02
   7.3700000e+02   1.0845028e-02
   7.3800000e+02   1.0548515e-02
   7.3900000e+02   1.0304592e-02
   7.4000000e+02   1.0148338e-02
   7.4100000e+02   1.0041476e-02
   7.4200000e+02   9.9404845e-03
   7.4300000e+02   9.8317416e-03
   7.4400000e+02   9.7053236e-03
   7.4500000e+02   9.5579609e-03
   7.4600000e+02   9.4153771e-03
   7.4700000e+02   9.2948139e-03
   7.4800000e+02   9.1953541e-03
   7.4900000e+02   9.1022485e-03
   7.5000000e+02   8.9995925e-03
   7.5100000e+02   8.8654141e-03
   7.5200000e+02   8.7162315e-03
   7.5300000e+02   8.5705190e-03
   7.5400000e+02   8.4171167e-03
   7.5500000e+02   8.2536075e-03
   7.5600000e+02   8.1043530e-03
   7.5700000e+02   7.9657632e-03
   7.5800000e+02   7.8181216e-03
   7.5900000e+02   7.6668098e-03
   7.6000000e+02   7.5294133e-03
   7.6100000e+02   7.4137481e-03
   7.6200000e+02   7.3237344e-03
   7.6300000e+02   7.2632687e-03
   7.6400000e+02   7.2083951e-03
   7.6500000e+02   7.1177937e-03
   7.6600000e+02   6.9620716e-03
   7.6700000e+02   6.7410805e-03
   7.6800000e+02   6.4697862e-03
   7.6900000e+02   6.1948361e-03
   7.7000000e+02   5.9527457e-03
   7.7100000e+02   5.7433037e-03
   7.7200000e+02   5.5576938e-03
   7.7300000e+02   5.3941899e-03
   7.7400000e+02   5.2103576e-03
   7.7500000e+02   4.9789779e-03
   7.7600000e+02   4.7182852e-03
   7.7700000e+02   4.4572540e-03
   7.7800000e+02   4.2161864e-03
   7.7900000e+02   4.0028645e-03
   7.8000000e+02   3.8255186e-03
   7.8100000e+02   3.6885991e-03
   7.8200000e+02   3.5633098e-03
   7.8300000e+02   3.4070492e-03
   7.8400000e+02   3.2511259e-03
   7.8500000e+02   3.1320215e-03
   7.8600000e+02   3.0395648e-03
   7.8700000e+02   2.9811926e-03
   7.8800000e+02   2.9824492e-03
   7.8900000e+02   3.0156725e-03
   7.9000000e+02   3.0286273e-03
   7.9100000e+02   3.0081115e-03
   7.9200000e+02   2.9694821e-03
   7.9300000e+02   2.8993259e-03
   7.9400000e+02   2.7919244e-03
   7.9500000e+02   2.6779839e-03
   7.9600000e+02   2.5599062e-03
   7.9700000e+02   2.4141928e-03
   7.9800000e+02   2.2332790e-03
   7.9900000e+02   2.0334527e-03
   8.0000000e+02   1.8290305e-03
   8.0100000e+02   1.6410207e-03
   8.0200000e+02   1.4847791e-03
   8.0300000e+02   1.3577351e-03
   8.0400000e+02   1.2320917e-03
   8.0500000e+02   1.0838512e-03
   8.0600000e+02   9.0940443e-04
   8.0700000e+02   7.1943824e-04
   8.0800000e+02   5.3500368e-04
   8.0900000e+02   3.8523831e-04
   8.1000000e+02   2.8292950e-04
   8.1100000e+02   2.1497303e-04
   8.1200000e+02   1.6326636e-04
   8.1300000e+02   1.2430875e-04
   8.1400000e+02   8.3648988e-05
   8.1500000e+02   3.4820946e-05
   8.1600000e+02   0.0000000e+00
   8.1700000e+02   0.0000000e+00
   8.1800000e+02   0.0000000e+00
   8.1900000e+02   0.0000000e+00
   8.2000000e+02   4.1560381e-06
   8.2100000e+02   2.9808310e-05
   8.2200000e+02   4.1101797e-05
   8.2300000e+02   1.7703309e-05
   8.2400000e+02   0.0000000e+00
   8.2500000e+02   0.0000000e+00
   8.2600000e+02   0.0000000e+00
   8.2700000e+02   0.0000000e+00
   8.2800000e+02   0.0000000e+00
   8.2900000e+02   0.0000000e+00
   8.3000000e+02   7.5734291e-06
   8.3100000e+02   1.5697504e-05
   8.3200000e+02   1.8266521e-05
   8.3300000e+02   8.7969734e-06
   8.3400000e+02   0.0000000e+00
   8.3500000e+02   0.0000000e+00
   8.3600000e+02   0.0000000e+00
   8.3700000e+02   0.0000000e+00
   8.3800000e+02   0.0000000e+00
   8.3900000e+02   0.0000000e+00
   8.4000000e+02   0.0000000e+00
   8.4100000e+02   0.0000000e+00
   8.4200000e+02   0.0000000e+00
   8.4300000e+02   0.0000000e+00
   8.4400000e+02   0.0000000e+00
   8.4500000e+02   0.0000000e+00
   8.4600000e+02   0.0000000e+00
   8.4700000e+02   0.0000000e+00
   8.4800000e+02   0.0000000e+00
   8.4900000e+02   0.0000000e+00
   8.5000000e+02   0.0000000e+00
   8.5100000e+02   0.0000000e+00
   8.5200000e+02   0.0000000e+00
   8.5300000e+02   0.0000000e+00
   8.5400000e+02   0.0000000e+00
   8.5500000e+02   0.0000000e+00
   8.5600000e+02   0.0000000e+00
   8.5700000e+02   0.0000000e+00
   8.5800000e+02   0.0000000e+00
   8.5900000e+02   0.0000000e+00
   8.6000000e+02   0.0000000e+00
   8.6100000e+02   0.0000000e+00
   8.6200000e+02   0.0000000e+00
   8.6300000e+02   0.0000000e+00
   8.6400000e+02   0.0000000e+00
   8.6500000e+02   0.0000000e+00
   8.6600000e+02   0.0000000e+00
   8.6700000e+02   0.0000000e+00
   8.6800000e+02   0.0000000e+00
   8.6900000e+02   0.0000000e+00
   8.7000000e+02   0.0000000e+00
   8.7100000e+02   0.0000000e+00
   8.7200000e+02   0.0000000e+00
   8.7300000e+02   0.0000000e+00
   8.7400000e+02   0.0000000e+00
   8.7500000e+02   0.0000000e+00
   8.7600000e+02   0.0000000e+00
   8.7700000e+02   0.0000000e+00
   8.7800000e+02   0.0000000e+00
   8.7900000e+02   0.0000000e+00
   8.8000000e+02   0.0000000e+00
   8.8100000e+02   0.0000000e+00
   8.8200000e+02   0.0000000e+00
   8.8300000e+02   0.0000000e+00
   8.8400000e+02   0.0000000e+00
   8.8500000e+02   0.0000000e+00
   8.8600000e+02   0.0000000e+00
   8.8700000e+02   0.0000000e+00
   8.8800000e+02   0.0000000e+00
   8.8900000e+02   0.0000000e+00
   8.9000000e+02   0.0000000e+00
   8.9100000e+02   0.0000000e+00
   8.9200000e+02   0.0000000e+00
   8.9300000e+02   0.0000000e+00
   8.9400000e+02   0.0000000e+00
   8.9500000e+02   0.0000000e+00
   8.9600000e+02   0.0000000e+00
   8.9700000e+02   0.0000000e+00
   8.9800000e+02   0.0000000e+00
   8.9900000e+02   0.0000000e+00
   9.0000000e+02   0.0000000e+00
