   4.0000000e+02   7.0422535e-01
   4.0100000e+02   6.8661972e-01
   4.0200000e+02   6.6666667e-01
   4.0300000e+02   6.4906103e-01
   4.0400000e+02   6.3262911e-01
   4.0500000e+02   6.1384977e-01
   4.0600000e+02   5.9741784e-01
   4.0700000e+02   5.7746479e-01
   4.0800000e+02   5.5985915e-01
   4.0900000e+02   5.4460094e-01
   4.1000000e+02   5.2816901e-01
   4.1100000e+02   5.1525822e-01
   4.1200000e+02   4.9882629e-01
   4.1300000e+02   4.8239437e-01
   4.1400000e+02   4.6948357e-01
   4.1500000e+02   4.5305164e-01
   4.1600000e+02   4.3661972e-01
   4.1700000e+02   4.2253521e-01
   4.1800000e+02   4.1079812e-01
   4.1900000e+02   4.0023474e-01
   4.2000000e+02   3.8497653e-01
   4.2100000e+02   3.6971831e-01
   4.2200000e+02   3.5915493e-01
   4.2300000e+02   3.4741784e-01
   4.2400000e+02   3.3215962e-01
   4.2500000e+02   3.2042254e-01
   4.2600000e+02   3.0633803e-01
   4.2700000e+02   2.9460094e-01
   4.2800000e+02   2.8286385e-01
   4.2900000e+02   2.7112676e-01
   4.3000000e+02   2.6056338e-01
   4.3100000e+02   2.5000000e-01
   4.3200000e+02   2.3826291e-01
   4.3300000e+02   2.2887324e-01
   4.3400000e+02   2.1713615e-01
   4.3500000e+02   2.0774648e-01
   4.3600000e+02   1.9718310e-01
   4.3700000e+02   1.8661972e-01
   4.3800000e+02   1.7723005e-01
   4.3900000e+02   1.6784038e-01
   4.4000000e+02   1.5962441e-01
   4.4100000e+02   1.5023474e-01
   4.4200000e+02   1.3849765e-01
   4.4300000e+02   1.2910798e-01
   4.4400000e+02   1.2323944e-01
   4.4500000e+02   1.1502347e-01
   4.4600000e+02   1.0563380e-01
   4.4700000e+02   9.7417840e-02
   4.4800000e+02   8.8028169e-02
   4.4900000e+02   7.7464789e-02
   4.5000000e+02   7.2769953e-02
   4.5100000e+02   6.5727700e-02
   4.5200000e+02   5.8685446e-02
   4.5300000e+02   5.2816901e-02
   4.5400000e+02   4.3427230e-02
   4.5500000e+02   3.7558685e-02
   4.5600000e+02   3.1690141e-02
   4.5700000e+02   2.6995305e-02
   4.5800000e+02   2.1126761e-02
   4.5900000e+02   1.2910798e-02
   4.6000000e+02   7.0422535e-03
   4.6100000e+02   0.0000000e+00
   4.6200000e+02  -5.8685446e-03
   4.6300000e+02  -1.0563380e-02
   4.6400000e+02  -1.8779343e-02
   4.6500000e+02  -2.6995305e-02
   4.6600000e+02  -3.0516432e-02
   4.6700000e+02  -3.2863850e-02
   4.6800000e+02  -3.9906103e-02
   4.6900000e+02  -4.6948357e-02
   4.7000000e+02  -5.2816901e-02
   4.7100000e+02  -5.7511737e-02
   4.7200000e+02  -6.3380282e-02
   4.7300000e+02  -6.6901408e-02
   4.7400000e+02  -7.0422535e-02
   4.7500000e+02  -7.3943662e-02
   4.7600000e+02  -7.9812207e-02
   4.7700000e+02  -8.6854460e-02
   4.7800000e+02  -8.9201878e-02
   4.7900000e+02  -9.2723005e-02
   4.8000000e+02  -9.7417840e-02
   4.8100000e+02  -1.0211268e-01
   4.8200000e+02  -1.0798122e-01
   4.8300000e+02  -1.1150235e-01
   4.8400000e+02  -1.1619718e-01
   4.8500000e+02  -1.1971831e-01
   4.8600000e+02  -1.2323944e-01
   4.8700000e+02  -1.2793427e-01
   4.8800000e+02  -1.3145540e-01
   4.8900000e+02  -1.3262911e-01
   4.9000000e+02  -1.3732394e-01
   4.9100000e+02  -1.4084507e-01
   4.9200000e+02  -1.4553991e-01
   4.9300000e+02  -1.4906103e-01
   4.9400000e+02  -1.5140845e-01
   4.9500000e+02  -1.5140845e-01
   4.9600000e+02  -1.5140845e-01
   4.9700000e+02  -1.5727700e-01
   4.9800000e+02  -1.6314554e-01
   4.9900000e+02  -1.6666667e-01
   5.0000000e+02  -1.7136150e-01
   5.0100000e+02  -1.7253521e-01
   5.0200000e+02  -1.7723005e-01
   5.0300000e+02  -1.8192488e-01
   5.0400000e+02  -1.8661972e-01
   5.0500000e+02  -1.9131455e-01
   5.0600000e+02  -1.9248826e-01
   5.0700000e+02  -1.9718310e-01
   5.0800000e+02  -2.0070423e-01
   5.0900000e+02  -2.0305164e-01
   5.1000000e+02  -2.0657277e-01
   5.1100000e+02  -2.0892019e-01
   5.1200000e+02  -2.1126761e-01
   5.1300000e+02  -2.1361502e-01
   5.1400000e+02  -2.1596244e-01
   5.1500000e+02  -2.2065728e-01
   5.1600000e+02  -2.2300469e-01
   5.1700000e+02  -2.2417840e-01
   5.1800000e+02  -2.2417840e-01
   5.1900000e+02  -2.2652582e-01
   5.2000000e+02  -2.3122066e-01
   5.2100000e+02  -2.3474178e-01
   5.2200000e+02  -2.3708920e-01
   5.2300000e+02  -2.3943662e-01
   5.2400000e+02  -2.4061033e-01
   5.2500000e+02  -2.4295775e-01
   5.2600000e+02  -2.4530516e-01
   5.2700000e+02  -2.4765258e-01
   5.2800000e+02  -2.4882629e-01
   5.2900000e+02  -2.5117371e-01
   5.3000000e+02  -2.5469484e-01
   5.3100000e+02  -2.5704225e-01
   5.3200000e+02  -2.5469484e-01
   5.3300000e+02  -2.5469484e-01
   5.3400000e+02  -2.6056338e-01
   5.3500000e+02  -2.6173709e-01
   5.3600000e+02  -2.6291080e-01
   5.3700000e+02  -2.6525822e-01
   5.3800000e+02  -2.6877934e-01
   5.3900000e+02  -2.7230047e-01
   5.4000000e+02  -2.6995305e-01
   5.4100000e+02  -2.7112676e-01
   5.4200000e+02  -2.7582160e-01
   5.4300000e+02  -2.7699531e-01
   5.4400000e+02  -2.7699531e-01
   5.4500000e+02  -2.7816901e-01
   5.4600000e+02  -2.8169014e-01
   5.4700000e+02  -2.8755869e-01
   5.4800000e+02  -2.8873239e-01
   5.4900000e+02  -2.8873239e-01
   5.5000000e+02  -2.8873239e-01
   5.5100000e+02  -2.8990610e-01
   5.5200000e+02  -2.9460094e-01
   5.5300000e+02  -2.9460094e-01
   5.5400000e+02  -2.9577465e-01
   5.5500000e+02  -2.9694836e-01
   5.5600000e+02  -2.9812207e-01
   5.5700000e+02  -3.0046948e-01
   5.5800000e+02  -3.0046948e-01
   5.5900000e+02  -3.0164319e-01
   5.6000000e+02  -3.0399061e-01
   5.6100000e+02  -3.0516432e-01
   5.6200000e+02  -3.0633803e-01
   5.6300000e+02  -3.0868545e-01
   5.6400000e+02  -3.1220657e-01
   5.6500000e+02  -3.1103286e-01
   5.6600000e+02  -3.1220657e-01
   5.6700000e+02  -3.1338028e-01
   5.6800000e+02  -3.1338028e-01
   5.6900000e+02  -3.1924883e-01
   5.7000000e+02  -3.2159624e-01
   5.7100000e+02  -3.1924883e-01
   5.7200000e+02  -3.1924883e-01
   5.7300000e+02  -3.2042254e-01
   5.7400000e+02  -3.2276995e-01
   5.7500000e+02  -3.2276995e-01
   5.7600000e+02  -3.2394366e-01
   5.7700000e+02  -3.2746479e-01
   5.7800000e+02  -3.2746479e-01
   5.7900000e+02  -3.2863850e-01
   5.8000000e+02  -3.2981221e-01
   5.8100000e+02  -3.3098592e-01
   5.8200000e+02  -3.3215962e-01
   5.8300000e+02  -3.3450704e-01
   5.8400000e+02  -3.3568075e-01
   5.8500000e+02  -3.3685446e-01
   5.8600000e+02  -3.3685446e-01
   5.8700000e+02  -3.3920188e-01
   5.8800000e+02  -3.4037559e-01
   5.8900000e+02  -3.3920188e-01
   5.9000000e+02  -3.4154930e-01
   5.9100000e+02  -3.4272300e-01
   5.9200000e+02  -3.4389671e-01
   5.9300000e+02  -3.4507042e-01
   5.9400000e+02  -3.4507042e-01
   5.9500000e+02  -3.4741784e-01
   5.9600000e+02  -3.4624413e-01
   5.9700000e+02  -3.4741784e-01
   5.9800000e+02  -3.4859155e-01
   5.9900000e+02  -3.4859155e-01
   6.0000000e+02  -3.5211268e-01
   6.0100000e+02  -3.5446009e-01
   6.0200000e+02  -3.5328638e-01
   6.0300000e+02  -3.5328638e-01
   6.0400000e+02  -3.5328638e-01
   6.0500000e+02  -3.5563380e-01
   6.0600000e+02  -3.5680751e-01
   6.0700000e+02  -3.5680751e-01
   6.0800000e+02  -3.5915493e-01
   6.0900000e+02  -3.5798122e-01
   6.1000000e+02  -3.5915493e-01
   6.1100000e+02  -3.6150235e-01
   6.1200000e+02  -3.6267606e-01
   6.1300000e+02  -3.6384977e-01
   6.1400000e+02  -3.6384977e-01
   6.1500000e+02  -3.6502347e-01
   6.1600000e+02  -3.6267606e-01
   6.1700000e+02  -3.6267606e-01
   6.1800000e+02  -3.6384977e-01
   6.1900000e+02  -3.6384977e-01
   6.2000000e+02  -3.6502347e-01
   6.2100000e+02  -3.6619718e-01
   6.2200000e+02  -3.6737089e-01
   6.2300000e+02  -3.6737089e-01
   6.2400000e+02  -3.6737089e-01
   6.2500000e+02  -3.6971831e-01
   6.2600000e+02  -3.7089202e-01
   6.2700000e+02  -3.7206573e-01
   6.2800000e+02  -3.7323944e-01
   6.2900000e+02  -3.7323944e-01
   6.3000000e+02  -3.7323944e-01
   6.3100000e+02  -3.7323944e-01
   6.3200000e+02  -3.7441315e-01
   6.3300000e+02  -3.7558685e-01
   6.3400000e+02  -3.7441315e-01
   6.3500000e+02  -3.7676056e-01
   6.3600000e+02  -3.7793427e-01
   6.3700000e+02  -3.7910798e-01
   6.3800000e+02  -3.7910798e-01
   6.3900000e+02  -3.7910798e-01
   6.4000000e+02  -3.8145540e-01
   6.4100000e+02  -3.8145540e-01
   6.4200000e+02  -3.8028169e-01
   6.4300000e+02  -3.8145540e-01
   6.4400000e+02  -3.8145540e-01
   6.4500000e+02  -3.8380282e-01
   6.4600000e+02  -3.8497653e-01
   6.4700000e+02  -3.8615023e-01
   6.4800000e+02  -3.8732394e-01
   6.4900000e+02  -3.8497653e-01
   6.5000000e+02  -3.8615023e-01
   6.5100000e+02  -3.8732394e-01
   6.5200000e+02  -3.8849765e-01
   6.5300000e+02  -3.9084507e-01
   6.5400000e+02  -3.9084507e-01
   6.5500000e+02  -3.9201878e-01
   6.5600000e+02  -3.9084507e-01
   6.5700000e+02  -3.9201878e-01
   6.5800000e+02  -3.9319249e-01
   6.5900000e+02  -3.9201878e-01
   6.6000000e+02  -3.9201878e-01
   6.6100000e+02  -3.9436620e-01
   6.6200000e+02  -3.9436620e-01
   6.6300000e+02  -3.9436620e-01
   6.6400000e+02  -3.9553991e-01
   6.6500000e+02  -3.9671362e-01
   6.6600000e+02  -3.9671362e-01
   6.6700000e+02  -3.9671362e-01
   6.6800000e+02  -3.9788732e-01
   6.6900000e+02  -3.9788732e-01
   6.7000000e+02  -4.0023474e-01
   6.7100000e+02  -4.0023474e-01
   6.7200000e+02  -4.0023474e-01
   6.7300000e+02  -4.0140845e-01
   6.7400000e+02  -4.0140845e-01
   6.7500000e+02  -4.0258216e-01
   6.7600000e+02  -4.0140845e-01
   6.7700000e+02  -4.0023474e-01
   6.7800000e+02  -4.0258216e-01
   6.7900000e+02  -4.0375587e-01
   6.8000000e+02  -4.0258216e-01
   6.8100000e+02  -4.0258216e-01
   6.8200000e+02  -4.0375587e-01
   6.8300000e+02  -4.0610329e-01
   6.8400000e+02  -4.0845070e-01
   6.8500000e+02  -4.0962441e-01
   6.8600000e+02  -4.0845070e-01
   6.8700000e+02  -4.0962441e-01
   6.8800000e+02  -4.1079812e-01
   6.8900000e+02  -4.0962441e-01
   6.9000000e+02  -4.1079812e-01
   6.9100000e+02  -4.1197183e-01
   6.9200000e+02  -4.1197183e-01
   6.9300000e+02  -4.1197183e-01
   6.9400000e+02  -4.1197183e-01
   6.9500000e+02  -4.1197183e-01
   6.9600000e+02  -4.1197183e-01
   6.9700000e+02  -4.1197183e-01
   6.9800000e+02  -4.1314554e-01
   6.9900000e+02  -4.1431925e-01
   7.0000000e+02  -4.1666667e-01
   7.0100000e+02  -4.1549296e-01
   7.0200000e+02  -4.1549296e-01
   7.0300000e+02  -4.1901408e-01
   7.0400000e+02  -4.1784038e-01
   7.0500000e+02  -4.1784038e-01
   7.0600000e+02  -4.1901408e-01
   7.0700000e+02  -4.1901408e-01
   7.0800000e+02  -4.2018779e-01
   7.0900000e+02  -4.2018779e-01
   7.1000000e+02  -4.2018779e-01
   7.1100000e+02  -4.2136150e-01
   7.1200000e+02  -4.2253521e-01
   7.1300000e+02  -4.2253521e-01
   7.1400000e+02  -4.2253521e-01
   7.1500000e+02  -4.2370892e-01
   7.1600000e+02  -4.2488263e-01
   7.1700000e+02  -4.2370892e-01
   7.1800000e+02  -4.2488263e-01
   7.1900000e+02  -4.2605634e-01
   7.2000000e+02  -4.2605634e-01
   7.2100000e+02  -4.2605634e-01
   7.2200000e+02  -4.2723005e-01
   7.2300000e+02  -4.2840376e-01
   7.2400000e+02  -4.2957746e-01
   7.2500000e+02  -4.3075117e-01
   7.2600000e+02  -4.3192488e-01
   7.2700000e+02  -4.3192488e-01
   7.2800000e+02  -4.3192488e-01
   7.2900000e+02  -4.3192488e-01
   7.3000000e+02  -4.3309859e-01
   7.3100000e+02  -4.3544601e-01
   7.3200000e+02  -4.3427230e-01
   7.3300000e+02  -4.3309859e-01
   7.3400000e+02  -4.3544601e-01
   7.3500000e+02  -4.3544601e-01
   7.3600000e+02  -4.3544601e-01
   7.3700000e+02  -4.3661972e-01
   7.3800000e+02  -4.3779343e-01
   7.3900000e+02  -4.3661972e-01
   7.4000000e+02  -4.3779343e-01
   7.4100000e+02  -4.3779343e-01
   7.4200000e+02  -4.3779343e-01
   7.4300000e+02  -4.3779343e-01
   7.4400000e+02  -4.3779343e-01
   7.4500000e+02  -4.4014085e-01
   7.4600000e+02  -4.3896714e-01
   7.4700000e+02  -4.3896714e-01
   7.4800000e+02  -4.4014085e-01
   7.4900000e+02  -4.3896714e-01
   7.5000000e+02  -4.4014085e-01
   7.5100000e+02  -4.4248826e-01
   7.5200000e+02  -4.4014085e-01
   7.5300000e+02  -4.4014085e-01
   7.5400000e+02  -4.4014085e-01
   7.5500000e+02  -4.4131455e-01
   7.5600000e+02  -4.4248826e-01
   7.5700000e+02  -4.4014085e-01
   7.5800000e+02  -4.3896714e-01
   7.5900000e+02  -4.4014085e-01
   7.6000000e+02  -4.4131455e-01
   7.6100000e+02  -4.4248826e-01
   7.6200000e+02  -4.4131455e-01
   7.6300000e+02  -4.4131455e-01
   7.6400000e+02  -4.4131455e-01
   7.6500000e+02  -4.4131455e-01
   7.6600000e+02  -4.4131455e-01
   7.6700000e+02  -4.4131455e-01
   7.6800000e+02  -4.4366197e-01
   7.6900000e+02  -4.4366197e-01
   7.7000000e+02  -4.4248826e-01
   7.7100000e+02  -4.4483568e-01
   7.7200000e+02  -4.4483568e-01
   7.7300000e+02  -4.4366197e-01
   7.7400000e+02  -4.4248826e-01
   7.7500000e+02  -4.4366197e-01
   7.7600000e+02  -4.4366197e-01
   7.7700000e+02  -4.4366197e-01
   7.7800000e+02  -4.4366197e-01
   7.7900000e+02  -4.4248826e-01
   7.8000000e+02  -4.4483568e-01
   7.8100000e+02  -4.4366197e-01
   7.8200000e+02  -4.4366197e-01
   7.8300000e+02  -4.4600939e-01
   7.8400000e+02  -4.4483568e-01
   7.8500000e+02  -4.4366197e-01
   7.8600000e+02  -4.4600939e-01
   7.8700000e+02  -4.4483568e-01
   7.8800000e+02  -4.4600939e-01
   7.8900000e+02  -4.4953052e-01
   7.9000000e+02  -4.4953052e-01
   7.9100000e+02  -4.5070423e-01
   7.9200000e+02  -4.4835681e-01
   7.9300000e+02  -4.4718310e-01
   7.9400000e+02  -4.4718310e-01
   7.9500000e+02  -4.4718310e-01
   7.9600000e+02  -4.4953052e-01
   7.9700000e+02  -4.4835681e-01
   7.9800000e+02  -4.4835681e-01
   7.9900000e+02  -4.4835681e-01
   8.0000000e+02  -4.4953052e-01
   8.0100000e+02   0.0000000e+00
   8.0200000e+02   0.0000000e+00
   8.0300000e+02   0.0000000e+00
   8.0400000e+02   0.0000000e+00
   8.0500000e+02   0.0000000e+00
   8.0600000e+02   0.0000000e+00
   8.0700000e+02   0.0000000e+00
   8.0800000e+02   0.0000000e+00
   8.0900000e+02   0.0000000e+00
   8.1000000e+02   0.0000000e+00
   8.1100000e+02   0.0000000e+00
   8.1200000e+02   0.0000000e+00
   8.1300000e+02   0.0000000e+00
   8.1400000e+02   0.0000000e+00
   8.1500000e+02   0.0000000e+00
   8.1600000e+02   0.0000000e+00
   8.1700000e+02   0.0000000e+00
   8.1800000e+02   0.0000000e+00
   8.1900000e+02   0.0000000e+00
   8.2000000e+02   0.0000000e+00
   8.2100000e+02   0.0000000e+00
   8.2200000e+02   0.0000000e+00
   8.2300000e+02   0.0000000e+00
   8.2400000e+02   0.0000000e+00
   8.2500000e+02   0.0000000e+00
   8.2600000e+02   0.0000000e+00
   8.2700000e+02   0.0000000e+00
   8.2800000e+02   0.0000000e+00
   8.2900000e+02   0.0000000e+00
   8.3000000e+02   0.0000000e+00
   8.3100000e+02   0.0000000e+00
   8.3200000e+02   0.0000000e+00
   8.3300000e+02   0.0000000e+00
   8.3400000e+02   0.0000000e+00
   8.3500000e+02   0.0000000e+00
   8.3600000e+02   0.0000000e+00
   8.3700000e+02   0.0000000e+00
   8.3800000e+02   0.0000000e+00
   8.3900000e+02   0.0000000e+00
   8.4000000e+02   0.0000000e+00
   8.4100000e+02   0.0000000e+00
   8.4200000e+02   0.0000000e+00
   8.4300000e+02   0.0000000e+00
   8.4400000e+02   0.0000000e+00
   8.4500000e+02   0.0000000e+00
   8.4600000e+02   0.0000000e+00
   8.4700000e+02   0.0000000e+00
   8.4800000e+02   0.0000000e+00
   8.4900000e+02   0.0000000e+00
   8.5000000e+02   0.0000000e+00
   8.5100000e+02   0.0000000e+00
   8.5200000e+02   0.0000000e+00
   8.5300000e+02   0.0000000e+00
   8.5400000e+02   0.0000000e+00
   8.5500000e+02   0.0000000e+00
   8.5600000e+02   0.0000000e+00
   8.5700000e+02   0.0000000e+00
   8.5800000e+02   0.0000000e+00
   8.5900000e+02   0.0000000e+00
   8.6000000e+02   0.0000000e+00
   8.6100000e+02   0.0000000e+00
   8.6200000e+02   0.0000000e+00
   8.6300000e+02   0.0000000e+00
   8.6400000e+02   0.0000000e+00
   8.6500000e+02   0.0000000e+00
   8.6600000e+02   0.0000000e+00
   8.6700000e+02   0.0000000e+00
   8.6800000e+02   0.0000000e+00
   8.6900000e+02   0.0000000e+00
   8.7000000e+02   0.0000000e+00
   8.7100000e+02   0.0000000e+00
   8.7200000e+02   0.0000000e+00
   8.7300000e+02   0.0000000e+00
   8.7400000e+02   0.0000000e+00
   8.7500000e+02   0.0000000e+00
   8.7600000e+02   0.0000000e+00
   8.7700000e+02   0.0000000e+00
   8.7800000e+02   0.0000000e+00
   8.7900000e+02   0.0000000e+00
   8.8000000e+02   0.0000000e+00
   8.8100000e+02   0.0000000e+00
   8.8200000e+02   0.0000000e+00
   8.8300000e+02   0.0000000e+00
   8.8400000e+02   0.0000000e+00
   8.8500000e+02   0.0000000e+00
   8.8600000e+02   0.0000000e+00
   8.8700000e+02   0.0000000e+00
   8.8800000e+02   0.0000000e+00
   8.8900000e+02   0.0000000e+00
   8.9000000e+02   0.0000000e+00
   8.9100000e+02   0.0000000e+00
   8.9200000e+02   0.0000000e+00
   8.9300000e+02   0.0000000e+00
   8.9400000e+02   0.0000000e+00
   8.9500000e+02   0.0000000e+00
   8.9600000e+02   0.0000000e+00
   8.9700000e+02   0.0000000e+00
   8.9800000e+02   0.0000000e+00
   8.9900000e+02   0.0000000e+00
   9.0000000e+02   0.0000000e+00
