   4.0000000e+02   1.0417592e-01
   4.0100000e+02   1.0411830e-01
   4.0200000e+02   1.0396772e-01
   4.0300000e+02   1.0373550e-01
   4.0400000e+02   1.0343197e-01
   4.0500000e+02   1.0306651e-01
   4.0600000e+02   1.0264761e-01
   4.0700000e+02   1.0218289e-01
   4.0800000e+02   1.0167914e-01
   4.0900000e+02   1.0114240e-01
   4.1000000e+02   1.0057793e-01
   4.1100000e+02   9.9990327e-02
   4.1200000e+02   9.9383510e-02
   4.1300000e+02   9.8760792e-02
   4.1400000e+02   9.8124911e-02
   4.1500000e+02   9.7478070e-02
   4.1600000e+02   9.6821980e-02
   4.1700000e+02   9.6157902e-02
   4.1800000e+02   9.5486688e-02
   4.1900000e+02   9.4808820e-02
   4.2000000e+02   9.4124452e-02
   4.2100000e+02   9.3459587e-02
   4.2200000e+02   9.2761969e-02
   4.2300000e+02   9.2041226e-02
   4.2400000e+02   9.1303364e-02
   4.2500000e+02   9.0538720e-02
   4.2600000e+02   8.9762280e-02
   4.2700000e+02   8.9000098e-02
   4.2800000e+02   8.8250944e-02
   4.2900000e+02   8.7498039e-02
   4.3000000e+02   8.6738983e-02
   4.3100000e+02   8.5977599e-02
   4.3200000e+02   8.5201285e-02
   4.3300000e+02   8.4401059e-02
   4.3400000e+02   8.3586074e-02
   4.3500000e+02   8.2758176e-02
   4.3600000e+02   8.1917819e-02
   4.3700000e+02   8.1068182e-02
   4.3800000e+02   8.0208504e-02
   4.3900000e+02   7.9344530e-02
   4.4000000e+02   7.8496827e-02
   4.4100000e+02   7.7673432e-02
   4.4200000e+02   7.6863264e-02
   4.4300000e+02   7.6059239e-02
   4.4400000e+02   7.5259227e-02
   4.4500000e+02   7.4452856e-02
   4.4600000e+02   7.3632208e-02
   4.4700000e+02   7.2802035e-02
   4.4800000e+02   7.1972984e-02
   4.4900000e+02   7.1144251e-02
   4.5000000e+02   7.0316004e-02
   4.5100000e+02   6.9493362e-02
   4.5200000e+02   6.8678463e-02
   4.5300000e+02   6.7878387e-02
   4.5400000e+02   6.7105030e-02
   4.5500000e+02   6.6365203e-02
   4.5600000e+02   6.5649817e-02
   4.5700000e+02   6.4953579e-02
   4.5800000e+02   6.4268911e-02
   4.5900000e+02   6.3589710e-02
   4.6000000e+02   6.2913258e-02
   4.6100000e+02   6.2233349e-02
   4.6200000e+02   6.1557025e-02
   4.6300000e+02   6.0897850e-02
   4.6400000e+02   6.0256926e-02
   4.6500000e+02   5.9624684e-02
   4.6600000e+02   5.9005395e-02
   4.6700000e+02   5.8407620e-02
   4.6800000e+02   5.7818174e-02
   4.6900000e+02   5.7222745e-02
   4.7000000e+02   5.6616936e-02
   4.7100000e+02   5.5997425e-02
   4.7200000e+02   5.5356338e-02
   4.7300000e+02   5.4709208e-02
   4.7400000e+02   5.4073698e-02
   4.7500000e+02   5.3460396e-02
   4.7600000e+02   5.2892742e-02
   4.7700000e+02   5.2372062e-02
   4.7800000e+02   5.1879346e-02
   4.7900000e+02   5.1405759e-02
   4.8000000e+02   5.0949478e-02
   4.8100000e+02   5.0492202e-02
   4.8200000e+02   5.0024309e-02
   4.8300000e+02   4.9552737e-02
   4.8400000e+02   4.9075354e-02
   4.8500000e+02   4.8587530e-02
   4.8600000e+02   4.8093630e-02
   4.8700000e+02   4.7600627e-02
   4.8800000e+02   4.7104563e-02
   4.8900000e+02   4.6602487e-02
   4.9000000e+02   4.6105783e-02
   4.9100000e+02   4.5624139e-02
   4.9200000e+02   4.5156074e-02
   4.9300000e+02   4.4709145e-02
   4.9400000e+02   4.4297988e-02
   4.9500000e+02   4.3913103e-02
   4.9600000e+02   4.3535132e-02
   4.9700000e+02   4.3162669e-02
   4.9800000e+02   4.2795930e-02
   4.9900000e+02   4.2428382e-02
   5.0000000e+02   4.2062447e-02
   5.0100000e+02   4.1702045e-02
   5.0200000e+02   4.1345713e-02
   5.0300000e+02   4.0989119e-02
   5.0400000e+02   4.0633079e-02
   5.0500000e+02   4.0276781e-02
   5.0600000e+02   3.9919111e-02
   5.0700000e+02   3.9569833e-02
   5.0800000e+02   3.9225296e-02
   5.0900000e+02   3.8874403e-02
   5.1000000e+02   3.8506435e-02
   5.1100000e+02   3.8113376e-02
   5.1200000e+02   3.7694011e-02
   5.1300000e+02   3.7260174e-02
   5.1400000e+02   3.6816593e-02
   5.1500000e+02   3.6380080e-02
   5.1600000e+02   3.5978550e-02
   5.1700000e+02   3.5605315e-02
   5.1800000e+02   3.5250018e-02
   5.1900000e+02   3.4921800e-02
   5.2000000e+02   3.4617294e-02
   5.2100000e+02   3.4313100e-02
   5.2200000e+02   3.4004155e-02
   5.2300000e+02   3.3697033e-02
   5.2400000e+02   3.3386039e-02
   5.2500000e+02   3.3074424e-02
   5.2600000e+02   3.2778191e-02
   5.2700000e+02   3.2498740e-02
   5.2800000e+02   3.2220765e-02
   5.2900000e+02   3.1947701e-02
   5.3000000e+02   3.1680244e-02
   5.3100000e+02   3.1408736e-02
   5.3200000e+02   3.1137038e-02
   5.3300000e+02   3.0872502e-02
   5.3400000e+02   3.0608595e-02
   5.3500000e+02   3.0338572e-02
   5.3600000e+02   3.0068666e-02
   5.3700000e+02   2.9799427e-02
   5.3800000e+02   2.9526295e-02
   5.3900000e+02   2.9249621e-02
   5.4000000e+02   2.8970263e-02
   5.4100000e+02   2.8678291e-02
   5.4200000e+02   2.8371522e-02
   5.4300000e+02   2.8058010e-02
   5.4400000e+02   2.7744320e-02
   5.4500000e+02   2.7426555e-02
   5.4600000e+02   2.7107050e-02
   5.4700000e+02   2.6796871e-02
   5.4800000e+02   2.6492318e-02
   5.4900000e+02   2.6185773e-02
   5.5000000e+02   2.5878360e-02
   5.5100000e+02   2.5570181e-02
   5.5200000e+02   2.5263017e-02
   5.5300000e+02   2.4964437e-02
   5.5400000e+02   2.4674249e-02
   5.5500000e+02   2.4398696e-02
   5.5600000e+02   2.4146791e-02
   5.5700000e+02   2.3906281e-02
   5.5800000e+02   2.3675108e-02
   5.5900000e+02   2.3460366e-02
   5.6000000e+02   2.3251762e-02
   5.6100000e+02   2.3041326e-02
   5.6200000e+02   2.2833928e-02
   5.6300000e+02   2.2628464e-02
   5.6400000e+02   2.2422248e-02
   5.6500000e+02   2.2227960e-02
   5.6600000e+02   2.2045174e-02
   5.6700000e+02   2.1860120e-02
   5.6800000e+02   2.1669979e-02
   5.6900000e+02   2.1477854e-02
   5.7000000e+02   2.1273505e-02
   5.7100000e+02   2.1061238e-02
   5.7200000e+02   2.0855165e-02
   5.7300000e+02   2.0653634e-02
   5.7400000e+02   2.0456779e-02
   5.7500000e+02   2.0271213e-02
   5.7600000e+02   2.0091338e-02
   5.7700000e+02   1.9907446e-02
   5.7800000e+02   1.9720615e-02
   5.7900000e+02   1.9533409e-02
   5.8000000e+02   1.9347737e-02
   5.8100000e+02   1.9167306e-02
   5.8200000e+02   1.8996533e-02
   5.8300000e+02   1.8830805e-02
   5.8400000e+02   1.8666635e-02
   5.8500000e+02   1.8501548e-02
   5.8600000e+02   1.8336005e-02
   5.8700000e+02   1.8173963e-02
   5.8800000e+02   1.8021522e-02
   5.8900000e+02   1.7877213e-02
   5.9000000e+02   1.7738442e-02
   5.9100000e+02   1.7603640e-02
   5.9200000e+02   1.7474957e-02
   5.9300000e+02   1.7355609e-02
   5.9400000e+02   1.7238490e-02
   5.9500000e+02   1.7126234e-02
   5.9600000e+02   1.7022270e-02
   5.9700000e+02   1.6920711e-02
   5.9800000e+02   1.6820220e-02
   5.9900000e+02   1.6723950e-02
   6.0000000e+02   1.6630047e-02
   6.0100000e+02   1.6540660e-02
   6.0200000e+02   1.6457389e-02
   6.0300000e+02   1.6375690e-02
   6.0400000e+02   1.6295699e-02
   6.0500000e+02   1.6222665e-02
   6.0600000e+02   1.6152915e-02
   6.0700000e+02   1.6080244e-02
   6.0800000e+02   1.6008928e-02
   6.0900000e+02   1.5941317e-02
   6.1000000e+02   1.5869698e-02
   6.1100000e+02   1.5796463e-02
   6.1200000e+02   1.5726491e-02
   6.1300000e+02   1.5655660e-02
   6.1400000e+02   1.5587678e-02
   6.1500000e+02   1.5522990e-02
   6.1600000e+02   1.5452426e-02
   6.1700000e+02   1.5372437e-02
   6.1800000e+02   1.5287340e-02
   6.1900000e+02   1.5192958e-02
   6.2000000e+02   1.5085469e-02
   6.2100000e+02   1.4968576e-02
   6.2200000e+02   1.4842819e-02
   6.2300000e+02   1.4702768e-02
   6.2400000e+02   1.4552991e-02
   6.2500000e+02   1.4400265e-02
   6.2600000e+02   1.4244951e-02
   6.2700000e+02   1.4093384e-02
   6.2800000e+02   1.3950168e-02
   6.2900000e+02   1.3810535e-02
   6.3000000e+02   1.3676973e-02
   6.3100000e+02   1.3552430e-02
   6.3200000e+02   1.3433859e-02
   6.3300000e+02   1.3321840e-02
   6.3400000e+02   1.3216188e-02
   6.3500000e+02   1.3118604e-02
   6.3600000e+02   1.3028618e-02
   6.3700000e+02   1.2945025e-02
   6.3800000e+02   1.2871149e-02
   6.3900000e+02   1.2809487e-02
   6.4000000e+02   1.2755402e-02
   6.4100000e+02   1.2707507e-02
   6.4200000e+02   1.2665597e-02
   6.4300000e+02   1.2618386e-02
   6.4400000e+02   1.2558037e-02
   6.4500000e+02   1.2488014e-02
   6.4600000e+02   1.2415622e-02
   6.4700000e+02   1.2341777e-02
   6.4800000e+02   1.2272644e-02
   6.4900000e+02   1.2217564e-02
   6.5000000e+02   1.2167354e-02
   6.5100000e+02   1.2114548e-02
   6.5200000e+02   1.2067869e-02
   6.5300000e+02   1.2029363e-02
   6.5400000e+02   1.1997352e-02
   6.5500000e+02   1.1981659e-02
   6.5600000e+02   1.1985548e-02
   6.5700000e+02   1.2001358e-02
   6.5800000e+02   1.2029685e-02
   6.5900000e+02   1.2066855e-02
   6.6000000e+02   1.2105486e-02
   6.6100000e+02   1.2144547e-02
   6.6200000e+02   1.2181261e-02
   6.6300000e+02   1.2209806e-02
   6.6400000e+02   1.2225038e-02
   6.6500000e+02   1.2225054e-02
   6.6600000e+02   1.2202181e-02
   6.6700000e+02   1.2154149e-02
   6.6800000e+02   1.2083792e-02
   6.6900000e+02   1.1996503e-02
   6.7000000e+02   1.1892820e-02
   6.7100000e+02   1.1767472e-02
   6.7200000e+02   1.1620725e-02
   6.7300000e+02   1.1447476e-02
   6.7400000e+02   1.1235978e-02
   6.7500000e+02   1.0989127e-02
   6.7600000e+02   1.0719756e-02
   6.7700000e+02   1.0430562e-02
   6.7800000e+02   1.0133995e-02
   6.7900000e+02   9.8471166e-03
   6.8000000e+02   9.5708533e-03
   6.8100000e+02   9.3055423e-03
   6.8200000e+02   9.0552302e-03
   6.8300000e+02   8.8121577e-03
   6.8400000e+02   8.5723165e-03
   6.8500000e+02   8.3407157e-03
   6.8600000e+02   8.1207566e-03
   6.8700000e+02   7.9065540e-03
   6.8800000e+02   7.6992366e-03
   6.8900000e+02   7.5070057e-03
   6.9000000e+02   7.3273243e-03
   6.9100000e+02   7.1589702e-03
   6.9200000e+02   7.0053845e-03
   6.9300000e+02   6.8625139e-03
   6.9400000e+02   6.7248848e-03
   6.9500000e+02   6.5896630e-03
   6.9600000e+02   6.4559939e-03
   6.9700000e+02   6.3307644e-03
   6.9800000e+02   6.2183608e-03
   6.9900000e+02   6.1118672e-03
   7.0000000e+02   6.0111685e-03
   7.0100000e+02   5.9155528e-03
   7.0200000e+02   5.8166490e-03
   7.0300000e+02   5.7076792e-03
   7.0400000e+02   5.5846557e-03
   7.0500000e+02   5.4551704e-03
   7.0600000e+02   5.3231374e-03
   7.0700000e+02   5.1940133e-03
   7.0800000e+02   5.0749229e-03
   7.0900000e+02   4.9715550e-03
   7.1000000e+02   4.8809481e-03
   7.1100000e+02   4.7966421e-03
   7.1200000e+02   4.7159470e-03
   7.1300000e+02   4.6313129e-03
   7.1400000e+02   4.5398124e-03
   7.1500000e+02   4.4426786e-03
   7.1600000e+02   4.3396766e-03
   7.1700000e+02   4.2309339e-03
   7.1800000e+02   4.1331975e-03
   7.1900000e+02   4.0547344e-03
   7.2000000e+02   3.9900322e-03
   7.2100000e+02   3.9423832e-03
   7.2200000e+02   3.9129773e-03
   7.2300000e+02   3.8879627e-03
   7.2400000e+02   3.8585542e-03
   7.2500000e+02   3.8238362e-03
   7.2600000e+02   3.7752699e-03
   7.2700000e+02   3.7057959e-03
   7.2800000e+02   3.6236044e-03
   7.2900000e+02   3.5398778e-03
   7.3000000e+02   3.4577424e-03
   7.3100000e+02   3.3812904e-03
   7.3200000e+02   3.3115204e-03
   7.3300000e+02   3.2452877e-03
   7.3400000e+02   3.1774531e-03
   7.3500000e+02   3.0989456e-03
   7.3600000e+02   3.0169099e-03
   7.3700000e+02   2.9411755e-03
   7.3800000e+02   2.8727656e-03
   7.3900000e+02   2.8123299e-03
   7.4000000e+02   2.7721614e-03
   7.4100000e+02   2.7520199e-03
   7.4200000e+02   2.7358294e-03
   7.4300000e+02   2.7141665e-03
   7.4400000e+02   2.6945913e-03
   7.4500000e+02   2.6812800e-03
   7.4600000e+02   2.6711752e-03
   7.4700000e+02   2.6764648e-03
   7.4800000e+02   2.6963077e-03
   7.4900000e+02   2.7195954e-03
   7.5000000e+02   2.7373056e-03
   7.5100000e+02   2.7417331e-03
   7.5200000e+02   2.7283282e-03
   7.5300000e+02   2.7034321e-03
   7.5400000e+02   2.6687884e-03
   7.5500000e+02   2.6146082e-03
   7.5600000e+02   2.5418822e-03
   7.5700000e+02   2.4615882e-03
   7.5800000e+02   2.3824848e-03
   7.5900000e+02   2.3074714e-03
   7.6000000e+02   2.2503307e-03
   7.6100000e+02   2.2189102e-03
   7.6200000e+02   2.2032535e-03
   7.6300000e+02   2.1894416e-03
   7.6400000e+02   2.1721546e-03
   7.6500000e+02   2.1422524e-03
   7.6600000e+02   2.0935528e-03
   7.6700000e+02   2.0322502e-03
   7.6800000e+02   1.9660040e-03
   7.6900000e+02   1.9006371e-03
   7.7000000e+02   1.8434977e-03
   7.7100000e+02   1.7986459e-03
   7.7200000e+02   1.7559578e-03
   7.7300000e+02   1.7058025e-03
   7.7400000e+02   1.6476353e-03
   7.7500000e+02   1.5794617e-03
   7.7600000e+02   1.4971381e-03
   7.7700000e+02   1.4080073e-03
   7.7800000e+02   1.3272245e-03
   7.7900000e+02   1.2471151e-03
   7.8000000e+02   1.1589412e-03
   7.8100000e+02   1.0710607e-03
   7.8200000e+02   9.7565707e-04
   7.8300000e+02   8.6476024e-04
   7.8400000e+02   7.5547052e-04
   7.8500000e+02   6.5753183e-04
   7.8600000e+02   5.7323337e-04
   7.8700000e+02   5.2349081e-04
   7.8800000e+02   5.0727148e-04
   7.8900000e+02   5.0604041e-04
   7.9000000e+02   5.1393463e-04
   7.9100000e+02   5.2399042e-04
   7.9200000e+02   5.2988800e-04
   7.9300000e+02   5.4191322e-04
   7.9400000e+02   5.6417903e-04
   7.9500000e+02   5.8175852e-04
   7.9600000e+02   5.9074838e-04
   7.9700000e+02   5.9119752e-04
   7.9800000e+02   5.8398413e-04
   7.9900000e+02   5.7290158e-04
   8.0000000e+02   5.6750779e-04
   8.0100000e+02   5.6658062e-04
   8.0200000e+02   5.6311270e-04
   8.0300000e+02   5.5141905e-04
   8.0400000e+02   5.2655457e-04
   8.0500000e+02   4.8442587e-04
   8.0600000e+02   4.3072477e-04
   8.0700000e+02   3.7086285e-04
   8.0800000e+02   3.0757557e-04
   8.0900000e+02   2.4732338e-04
   8.1000000e+02   1.9465311e-04
   8.1100000e+02   1.4618384e-04
   8.1200000e+02   9.6161028e-05
   8.1300000e+02   4.8848572e-05
   8.1400000e+02   1.0628873e-05
   8.1500000e+02   0.0000000e+00
   8.1600000e+02   0.0000000e+00
   8.1700000e+02   0.0000000e+00
   8.1800000e+02   0.0000000e+00
   8.1900000e+02   0.0000000e+00
   8.2000000e+02   0.0000000e+00
   8.2100000e+02   0.0000000e+00
   8.2200000e+02   0.0000000e+00
   8.2300000e+02   0.0000000e+00
   8.2400000e+02   0.0000000e+00
   8.2500000e+02   0.0000000e+00
   8.2600000e+02   0.0000000e+00
   8.2700000e+02   0.0000000e+00
   8.2800000e+02   7.5839571e-06
   8.2900000e+02   1.2017818e-05
   8.3000000e+02   1.2158789e-05
   8.3100000e+02   7.0035559e-06
   8.3200000e+02   0.0000000e+00
   8.3300000e+02   0.0000000e+00
   8.3400000e+02   0.0000000e+00
   8.3500000e+02   0.0000000e+00
   8.3600000e+02   0.0000000e+00
   8.3700000e+02   0.0000000e+00
   8.3800000e+02   0.0000000e+00
   8.3900000e+02   0.0000000e+00
   8.4000000e+02   0.0000000e+00
   8.4100000e+02   0.0000000e+00
   8.4200000e+02   0.0000000e+00
   8.4300000e+02   0.0000000e+00
   8.4400000e+02   0.0000000e+00
   8.4500000e+02   0.0000000e+00
   8.4600000e+02   0.0000000e+00
   8.4700000e+02   0.0000000e+00
   8.4800000e+02   0.0000000e+00
   8.4900000e+02   0.0000000e+00
   8.5000000e+02   0.0000000e+00
   8.5100000e+02   0.0000000e+00
   8.5200000e+02   0.0000000e+00
   8.5300000e+02   0.0000000e+00
   8.5400000e+02   0.0000000e+00
   8.5500000e+02   0.0000000e+00
   8.5600000e+02   0.0000000e+00
   8.5700000e+02   0.0000000e+00
   8.5800000e+02   0.0000000e+00
   8.5900000e+02   0.0000000e+00
   8.6000000e+02   0.0000000e+00
   8.6100000e+02   0.0000000e+00
   8.6200000e+02   0.0000000e+00
   8.6300000e+02   0.0000000e+00
   8.6400000e+02   0.0000000e+00
   8.6500000e+02   0.0000000e+00
   8.6600000e+02   0.0000000e+00
   8.6700000e+02   0.0000000e+00
   8.6800000e+02   0.0000000e+00
   8.6900000e+02   0.0000000e+00
   8.7000000e+02   0.0000000e+00
   8.7100000e+02   0.0000000e+00
   8.7200000e+02   0.0000000e+00
   8.7300000e+02   0.0000000e+00
   8.7400000e+02   0.0000000e+00
   8.7500000e+02   0.0000000e+00
   8.7600000e+02   0.0000000e+00
   8.7700000e+02   0.0000000e+00
   8.7800000e+02   0.0000000e+00
   8.7900000e+02   0.0000000e+00
   8.8000000e+02   0.0000000e+00
   8.8100000e+02   0.0000000e+00
   8.8200000e+02   0.0000000e+00
   8.8300000e+02   0.0000000e+00
   8.8400000e+02   0.0000000e+00
   8.8500000e+02   0.0000000e+00
   8.8600000e+02   0.0000000e+00
   8.8700000e+02   0.0000000e+00
   8.8800000e+02   0.0000000e+00
   8.8900000e+02   0.0000000e+00
   8.9000000e+02   0.0000000e+00
   8.9100000e+02   0.0000000e+00
   8.9200000e+02   0.0000000e+00
   8.9300000e+02   0.0000000e+00
   8.9400000e+02   0.0000000e+00
   8.9500000e+02   0.0000000e+00
   8.9600000e+02   0.0000000e+00
   8.9700000e+02   0.0000000e+00
   8.9800000e+02   0.0000000e+00
   8.9900000e+02   0.0000000e+00
   9.0000000e+02   0.0000000e+00
