   4.0000000e+02   1.9774291e-02
   4.0100000e+02   1.9757814e-02
   4.0200000e+02   1.9783455e-02
   4.0300000e+02   1.9890270e-02
   4.0400000e+02   2.0022363e-02
   4.0500000e+02   2.0271398e-02
   4.0600000e+02   2.0609161e-02
   4.0700000e+02   2.0969452e-02
   4.0800000e+02   2.1261918e-02
   4.0900000e+02   2.1537258e-02
   4.1000000e+02   2.1846189e-02
   4.1100000e+02   2.2124331e-02
   4.1200000e+02   2.2405314e-02
   4.1300000e+02   2.2682209e-02
   4.1400000e+02   2.2960023e-02
   4.1500000e+02   2.3253343e-02
   4.1600000e+02   2.3503880e-02
   4.1700000e+02   2.3647434e-02
   4.1800000e+02   2.3799166e-02
   4.1900000e+02   2.3958937e-02
   4.2000000e+02   2.4066163e-02
   4.2100000e+02   2.4154773e-02
   4.2200000e+02   2.4251583e-02
   4.2300000e+02   2.4356459e-02
   4.2400000e+02   2.4501057e-02
   4.2500000e+02   2.4676184e-02
   4.2600000e+02   2.4873619e-02
   4.2700000e+02   2.5064017e-02
   4.2800000e+02   2.5196445e-02
   4.2900000e+02   2.5243840e-02
   4.3000000e+02   2.5273232e-02
   4.3100000e+02   2.5363357e-02
   4.3200000e+02   2.5569508e-02
   4.3300000e+02   2.5915529e-02
   4.3400000e+02   2.6262933e-02
   4.3500000e+02   2.6504503e-02
   4.3600000e+02   2.6665806e-02
   4.3700000e+02   2.6749432e-02
   4.3800000e+02   2.6733371e-02
   4.3900000e+02   2.6761764e-02
   4.4000000e+02   2.6827547e-02
   4.4100000e+02   2.6775215e-02
   4.4200000e+02   2.6574679e-02
   4.4300000e+02   2.6255395e-02
   4.4400000e+02   2.5784732e-02
   4.4500000e+02   2.5204202e-02
   4.4600000e+02   2.4580409e-02
   4.4700000e+02   2.3935966e-02
   4.4800000e+02   2.3299043e-02
   4.4900000e+02   2.2614453e-02
   4.5000000e+02   2.1912138e-02
   4.5100000e+02   2.1270411e-02
   4.5200000e+02   2.0690964e-02
   4.5300000e+02   2.0141258e-02
   4.5400000e+02   1.9657650e-02
   4.5500000e+02   1.9214771e-02
   4.5600000e+02   1.8821326e-02
   4.5700000e+02   1.8485112e-02
   4.5800000e+02   1.8155970e-02
   4.5900000e+02   1.7893034e-02
   4.6000000e+02   1.7674518e-02
   4.6100000e+02   1.7458137e-02
   4.6200000e+02   1.7275136e-02
   4.6300000e+02   1.7097348e-02
   4.6400000e+02   1.6945060e-02
   4.6500000e+02   1.6858388e-02
   4.6600000e+02   1.6749280e-02
   4.6700000e+02   1.6606393e-02
   4.6800000e+02   1.6522479e-02
   4.6900000e+02   1.6403990e-02
   4.7000000e+02   1.6224531e-02
   4.7100000e+02   1.6067007e-02
   4.7200000e+02   1.5966500e-02
   4.7300000e+02   1.5851141e-02
   4.7400000e+02   1.5729307e-02
   4.7500000e+02   1.5638853e-02
   4.7600000e+02   1.5581736e-02
   4.7700000e+02   1.5499988e-02
   4.7800000e+02   1.5376300e-02
   4.7900000e+02   1.5276101e-02
   4.8000000e+02   1.5193532e-02
   4.8100000e+02   1.5116079e-02
   4.8200000e+02   1.5017133e-02
   4.8300000e+02   1.4966312e-02
   4.8400000e+02   1.4951163e-02
   4.8500000e+02   1.4937315e-02
   4.8600000e+02   1.4892385e-02
   4.8700000e+02   1.4822788e-02
   4.8800000e+02   1.4724613e-02
   4.8900000e+02   1.4586126e-02
   4.9000000e+02   1.4454508e-02
   4.9100000e+02   1.4284216e-02
   4.9200000e+02   1.4102263e-02
   4.9300000e+02   1.3954183e-02
   4.9400000e+02   1.3777027e-02
   4.9500000e+02   1.3559119e-02
   4.9600000e+02   1.3395361e-02
   4.9700000e+02   1.3247785e-02
   4.9800000e+02   1.3085401e-02
   4.9900000e+02   1.2931016e-02
   5.0000000e+02   1.2757460e-02
   5.0100000e+02   1.2558625e-02
   5.0200000e+02   1.2369272e-02
   5.0300000e+02   1.2176410e-02
   5.0400000e+02   1.1962506e-02
   5.0500000e+02   1.1766725e-02
   5.0600000e+02   1.1563873e-02
   5.0700000e+02   1.1359135e-02
   5.0800000e+02   1.1130929e-02
   5.0900000e+02   1.0905216e-02
   5.1000000e+02   1.0669229e-02
   5.1100000e+02   1.0434523e-02
   5.1200000e+02   1.0219117e-02
   5.1300000e+02   1.0019940e-02
   5.1400000e+02   9.8145874e-03
   5.1500000e+02   9.6079284e-03
   5.1600000e+02   9.4226360e-03
   5.1700000e+02   9.2081377e-03
   5.1800000e+02   8.9731982e-03
   5.1900000e+02   8.7577644e-03
   5.2000000e+02   8.5756412e-03
   5.2100000e+02   8.4083264e-03
   5.2200000e+02   8.2441611e-03
   5.2300000e+02   8.0734818e-03
   5.2400000e+02   7.8981371e-03
   5.2500000e+02   7.7117603e-03
   5.2600000e+02   7.5141009e-03
   5.2700000e+02   7.3406562e-03
   5.2800000e+02   7.1998417e-03
   5.2900000e+02   7.0556132e-03
   5.3000000e+02   6.8810826e-03
   5.3100000e+02   6.7063785e-03
   5.3200000e+02   6.5284579e-03
   5.3300000e+02   6.3644742e-03
   5.3400000e+02   6.2522407e-03
   5.3500000e+02   6.1602933e-03
   5.3600000e+02   6.0602166e-03
   5.3700000e+02   5.9596087e-03
   5.3800000e+02   5.8421006e-03
   5.3900000e+02   5.6856569e-03
   5.4000000e+02   5.5411414e-03
   5.4100000e+02   5.3960519e-03
   5.4200000e+02   5.2338468e-03
   5.4300000e+02   5.0900220e-03
   5.4400000e+02   4.9729900e-03
   5.4500000e+02   4.8657453e-03
   5.4600000e+02   4.7449041e-03
   5.4700000e+02   4.6161765e-03
   5.4800000e+02   4.5048694e-03
   5.4900000e+02   4.4103335e-03
   5.5000000e+02   4.2980192e-03
   5.5100000e+02   4.2226917e-03
   5.5200000e+02   4.1711340e-03
   5.5300000e+02   4.0785309e-03
   5.5400000e+02   3.9770677e-03
   5.5500000e+02   3.8790117e-03
   5.5600000e+02   3.7804985e-03
   5.5700000e+02   3.7069661e-03
   5.5800000e+02   3.6686954e-03
   5.5900000e+02   3.6215809e-03
   5.6000000e+02   3.6001766e-03
   5.6100000e+02   3.5906852e-03
   5.6200000e+02   3.5713843e-03
   5.6300000e+02   3.5723052e-03
   5.6400000e+02   3.5795095e-03
   5.6500000e+02   3.5549338e-03
   5.6600000e+02   3.5076116e-03
   5.6700000e+02   3.5076116e-03
   5.6800000e+02   3.5119414e-03
   5.6900000e+02   3.5140073e-03
   5.7000000e+02   3.5485484e-03
   5.7100000e+02   3.5975923e-03
   5.7200000e+02   3.6403935e-03
   5.7300000e+02   3.6744160e-03
   5.7400000e+02   3.7243914e-03
   5.7500000e+02   3.7784311e-03
   5.7600000e+02   3.8162092e-03
   5.7700000e+02   3.8487064e-03
   5.7800000e+02   3.8815135e-03
   5.7900000e+02   3.9074996e-03
   5.8000000e+02   3.9410962e-03
   5.8100000e+02   3.9987212e-03
   5.8200000e+02   4.0356737e-03
   5.8300000e+02   4.0860985e-03
   5.8400000e+02   4.1703581e-03
   5.8500000e+02   4.2253232e-03
   5.8600000e+02   4.2627324e-03
   5.8700000e+02   4.2846764e-03
   5.8800000e+02   4.3039673e-03
   5.8900000e+02   4.3090762e-03
   5.9000000e+02   4.3116363e-03
   5.9100000e+02   4.3489280e-03
   5.9200000e+02   4.4218033e-03
   5.9300000e+02   4.4667362e-03
   5.9400000e+02   4.4755872e-03
   5.9500000e+02   4.4865617e-03
   5.9600000e+02   4.4769242e-03
   5.9700000e+02   4.4690587e-03
   5.9800000e+02   4.4758398e-03
   5.9900000e+02   4.4911705e-03
   6.0000000e+02   4.5371111e-03
   6.0100000e+02   4.5862980e-03
   6.0200000e+02   4.5917621e-03
   6.0300000e+02   4.6145052e-03
   6.0400000e+02   4.6812338e-03
   6.0500000e+02   4.7324543e-03
   6.0600000e+02   4.8122770e-03
   6.0700000e+02   4.9300428e-03
   6.0800000e+02   5.0326446e-03
   6.0900000e+02   5.1478749e-03
   6.1000000e+02   5.2886164e-03
   6.1100000e+02   5.4183618e-03
   6.1200000e+02   5.5248922e-03
   6.1300000e+02   5.6405084e-03
   6.1400000e+02   5.7342380e-03
   6.1500000e+02   5.8071880e-03
   6.1600000e+02   5.8708411e-03
   6.1700000e+02   5.9499657e-03
   6.1800000e+02   6.0262654e-03
   6.1900000e+02   6.0999665e-03
   6.2000000e+02   6.1828402e-03
   6.2100000e+02   6.2308599e-03
   6.2200000e+02   6.2647849e-03
   6.2300000e+02   6.2992730e-03
   6.2400000e+02   6.3001179e-03
   6.2500000e+02   6.2828184e-03
   6.2600000e+02   6.3050320e-03
   6.2700000e+02   6.3635697e-03
   6.2800000e+02   6.4282369e-03
   6.2900000e+02   6.4718411e-03
   6.3000000e+02   6.4946240e-03
   6.3100000e+02   6.4918195e-03
   6.3200000e+02   6.4565039e-03
   6.3300000e+02   6.4046050e-03
   6.3400000e+02   6.3681646e-03
   6.3500000e+02   6.3560624e-03
   6.3600000e+02   6.3487899e-03
   6.3700000e+02   6.3240623e-03
   6.3800000e+02   6.2777474e-03
   6.3900000e+02   6.2540521e-03
   6.4000000e+02   6.2322671e-03
   6.4100000e+02   6.1912354e-03
   6.4200000e+02   6.1483424e-03
   6.4300000e+02   6.1113816e-03
   6.4400000e+02   6.0764409e-03
   6.4500000e+02   6.0523460e-03
   6.4600000e+02   6.0402570e-03
   6.4700000e+02   6.0293847e-03
   6.4800000e+02   6.0211189e-03
   6.4900000e+02   6.0165282e-03
   6.5000000e+02   6.0073739e-03
   6.5100000e+02   6.0328732e-03
   6.5200000e+02   6.0978607e-03
   6.5300000e+02   6.2156384e-03
   6.5400000e+02   6.3785027e-03
   6.5500000e+02   6.5742374e-03
   6.5600000e+02   6.7959196e-03
   6.5700000e+02   7.0843236e-03
   6.5800000e+02   7.4005423e-03
   6.5900000e+02   7.6766831e-03
   6.6000000e+02   8.0175348e-03
   6.6100000e+02   8.4278969e-03
   6.6200000e+02   8.8420822e-03
   6.6300000e+02   9.2939635e-03
   6.6400000e+02   9.8026785e-03
   6.6500000e+02   1.0285755e-02
   6.6600000e+02   1.0764923e-02
   6.6700000e+02   1.1250154e-02
   6.6800000e+02   1.1703854e-02
   6.6900000e+02   1.2182559e-02
   6.7000000e+02   1.2647152e-02
   6.7100000e+02   1.3012192e-02
   6.7200000e+02   1.3326522e-02
   6.7300000e+02   1.3593471e-02
   6.7400000e+02   1.3791571e-02
   6.7500000e+02   1.3984910e-02
   6.7600000e+02   1.4180381e-02
   6.7700000e+02   1.4283816e-02
   6.7800000e+02   1.4337626e-02
   6.7900000e+02   1.4361972e-02
   6.8000000e+02   1.4265645e-02
   6.8100000e+02   1.4041954e-02
   6.8200000e+02   1.3761910e-02
   6.8300000e+02   1.3407508e-02
   6.8400000e+02   1.2921924e-02
   6.8500000e+02   1.2331035e-02
   6.8600000e+02   1.1703957e-02
   6.8700000e+02   1.1044557e-02
   6.8800000e+02   1.0306205e-02
   6.8900000e+02   9.5395900e-03
   6.9000000e+02   8.8041103e-03
   6.9100000e+02   8.0698842e-03
   6.9200000e+02   7.3286746e-03
   6.9300000e+02   6.6481575e-03
   6.9400000e+02   6.0137586e-03
   6.9500000e+02   5.4032799e-03
   6.9600000e+02   4.8364939e-03
   6.9700000e+02   4.3163590e-03
   6.9800000e+02   3.8656058e-03
   6.9900000e+02   3.4871480e-03
   7.0000000e+02   3.1487618e-03
   7.0100000e+02   2.8680416e-03
   7.0200000e+02   2.6218352e-03
   7.0300000e+02   2.3881547e-03
   7.0400000e+02   2.1674676e-03
   7.0500000e+02   1.9732298e-03
   7.0600000e+02   1.7864170e-03
   7.0700000e+02   1.6120122e-03
   7.0800000e+02   1.4693691e-03
   7.0900000e+02   1.3467347e-03
   7.1000000e+02   1.2628346e-03
   7.1100000e+02   1.2257225e-03
   7.1200000e+02   1.1971204e-03
   7.1300000e+02   1.1169444e-03
   7.1400000e+02   1.0200561e-03
   7.1500000e+02   9.1510192e-04
   7.1600000e+02   8.1827815e-04
   7.1700000e+02   7.4278746e-04
   7.1800000e+02   6.7717294e-04
   7.1900000e+02   6.3332135e-04
   7.2000000e+02   6.0420212e-04
   7.2100000e+02   5.5102218e-04
   7.2200000e+02   5.0554518e-04
   7.2300000e+02   4.9094957e-04
   7.2400000e+02   4.6766890e-04
   7.2500000e+02   4.3233393e-04
   7.2600000e+02   3.7426980e-04
   7.2700000e+02   3.3133634e-04
   7.2800000e+02   3.0667702e-04
   7.2900000e+02   2.9183032e-04
   7.3000000e+02   2.8353767e-04
   7.3100000e+02   2.7524901e-04
   7.3200000e+02   2.4889775e-04
   7.3300000e+02   2.2276335e-04
   7.3400000e+02   1.8875847e-04
   7.3500000e+02   1.5953481e-04
   7.3600000e+02   1.5129371e-04
   7.3700000e+02   1.4460590e-04
   7.3800000e+02   1.4430282e-04
   7.3900000e+02   1.5709005e-04
   7.4000000e+02   1.6354988e-04
   7.4100000e+02   1.4249399e-04
   7.4200000e+02   1.1008952e-04
   7.4300000e+02   8.1013399e-05
   7.4400000e+02   4.8654257e-05
   7.4500000e+02   2.9169445e-05
   7.4600000e+02   2.5892646e-05
   7.4700000e+02   1.4742263e-05
   7.4800000e+02   3.0816066e-05
   7.4900000e+02   5.0181779e-05
   7.5000000e+02   5.1723077e-05
   7.5100000e+02   8.7294580e-05
   7.5200000e+02   1.5368748e-04
   7.5300000e+02   1.7501134e-04
   7.5400000e+02   1.6534093e-04
   7.5500000e+02   1.4599477e-04
   7.5600000e+02   8.9498478e-05
   7.5700000e+02   2.2425614e-06
   7.5800000e+02  -4.4882396e-05
   7.5900000e+02  -4.3334432e-05
   7.6000000e+02  -4.3334432e-05
   7.6100000e+02   6.7709097e-06
   7.6200000e+02   4.3677509e-05
   7.6300000e+02   2.9139671e-05
   7.6400000e+02   2.4307797e-05
   7.6500000e+02   3.8759422e-05
   7.6600000e+02   7.9486885e-06
   7.6700000e+02   1.6041807e-05
   7.6800000e+02   2.4071376e-05
   7.6900000e+02  -3.2476019e-05
   7.7000000e+02  -6.7958198e-05
   7.7100000e+02  -5.6658940e-05
   7.7200000e+02  -1.3300066e-05
   7.7300000e+02   3.5001338e-05
   7.7400000e+02   8.5078682e-05
   7.7500000e+02   7.8773948e-05
   7.7600000e+02   1.9311940e-05
   7.7700000e+02  -6.4150785e-05
   7.7800000e+02  -1.3621293e-04
   7.7900000e+02  -1.4901971e-04
   7.8000000e+02  -1.0574927e-04
   7.8100000e+02  -3.8373683e-05
   7.8200000e+02  -1.4407629e-05
   7.8300000e+02  -3.0918723e-05
   7.8400000e+02  -2.2938482e-05
   7.8500000e+02  -1.6477319e-05
   7.8600000e+02  -6.9137310e-05
   7.8700000e+02  -4.6658338e-05
   7.8800000e+02   2.0968782e-05
   7.8900000e+02  -2.7128197e-05
   7.9000000e+02  -6.4012132e-05
   7.9100000e+02  -5.1470657e-05
   7.9200000e+02  -1.0599947e-04
   7.9300000e+02  -1.2683493e-04
   7.9400000e+02  -7.5552699e-05
   7.9500000e+02  -3.8662543e-05
   7.9600000e+02   2.8729934e-05
   7.9700000e+02   8.9708354e-05
   7.9800000e+02   9.2914937e-05
   7.9900000e+02   8.6513769e-05
   8.0000000e+02   5.2892856e-05
   8.0100000e+02  -1.4377410e-05
   8.0200000e+02  -2.7195746e-05
   8.0300000e+02   1.2880996e-05
   8.0400000e+02   4.9644055e-05
   8.0500000e+02   2.0963449e-05
   8.0600000e+02  -4.5763434e-06
   8.0700000e+02   2.5845096e-05
   8.0800000e+02   3.3679010e-06
   8.0900000e+02  -4.9362305e-05
   8.1000000e+02  -4.7707685e-05
   8.1100000e+02  -3.7911951e-05
   8.1200000e+02  -7.1539085e-05
   8.1300000e+02  -8.7540451e-05
   8.1400000e+02  -6.6756095e-05
   8.1500000e+02  -3.0116136e-05
   8.1600000e+02  -4.7812119e-06
   8.1700000e+02  -1.9168843e-05
   8.1800000e+02  -1.7566662e-05
   8.1900000e+02  -4.7918775e-06
   8.2000000e+02  -3.5084440e-05
   8.2100000e+02  -6.3715273e-05
   8.2200000e+02  -6.3735271e-05
   8.2300000e+02  -9.0875022e-05
   8.2400000e+02  -1.2581592e-04
   8.2500000e+02  -8.1231273e-05
   8.2600000e+02  -2.8654386e-05
   8.2700000e+02  -4.4561539e-05
   8.2800000e+02  -5.4137295e-05
   8.2900000e+02  -3.8356795e-05
   8.3000000e+02  -4.6287263e-05
   8.3100000e+02  -7.0219987e-05
   8.3200000e+02  -6.5344562e-05
   8.3300000e+02  -3.4998671e-05
   8.3400000e+02   2.6817117e-05
   8.3500000e+02   4.1043431e-05
   8.3600000e+02   3.1624993e-05
   8.3700000e+02   6.6548116e-05
   8.3800000e+02   6.8131188e-05
   8.3900000e+02   7.9011376e-06
   8.4000000e+02  -1.1082391e-05
   8.4100000e+02  -1.1214377e-05
   8.4200000e+02  -1.0495424e-04
   8.4300000e+02  -2.0652769e-04
   8.4400000e+02  -2.5867840e-04
   8.4500000e+02  -3.0120536e-04
   8.4600000e+02  -3.2958021e-04
   8.4700000e+02  -2.7545314e-04
   8.4800000e+02  -2.4467529e-04
   8.4900000e+02  -2.5868118e-04
   8.5000000e+02  -1.7204598e-04
   8.5100000e+02  -6.9423178e-05
   8.5200000e+02  -7.5899005e-05
   8.5300000e+02  -8.7938190e-05
   8.5400000e+02  -1.2800604e-04
   8.5500000e+02  -2.4948883e-04
   8.5600000e+02  -3.7327372e-04
   8.5700000e+02  -4.3399528e-04
   8.5800000e+02  -3.9386921e-04
   8.5900000e+02  -3.4820988e-04
   8.6000000e+02  -3.4213357e-04
   8.6100000e+02  -2.7664458e-04
   8.6200000e+02  -2.0775347e-04
   8.6300000e+02  -2.3979797e-04
   8.6400000e+02  -2.2572764e-04
   8.6500000e+02  -2.2141305e-04
   8.6600000e+02  -2.8158355e-04
   8.6700000e+02  -2.5473933e-04
   8.6800000e+02  -1.2229248e-04
   8.6900000e+02  -6.7808109e-05
   8.7000000e+02   4.7851226e-05
   8.7100000e+02   2.5762695e-04
   8.7200000e+02   3.4755895e-04
   8.7300000e+02   3.6176983e-04
   8.7400000e+02   3.6633729e-04
   8.7500000e+02   2.6292289e-04
   8.7600000e+02  -3.3562814e-05
   8.7700000e+02  -3.2837613e-04
   8.7800000e+02  -5.4271074e-04
   8.7900000e+02  -6.4429018e-04
   8.8000000e+02  -6.6326947e-04
   8.8100000e+02  -7.1850521e-04
   8.8200000e+02  -6.4402161e-04
   8.8300000e+02  -5.9435045e-04
   8.8400000e+02  -4.8776671e-04
   8.8500000e+02  -3.9970110e-04
   8.8600000e+02  -4.3011972e-04
   8.8700000e+02  -4.4520403e-04
   8.8800000e+02  -4.0340144e-04
   8.8900000e+02  -4.1441228e-04
   8.9000000e+02  -3.9662976e-04
   8.9100000e+02   5.5503559e-05
   8.9200000e+02   3.6951374e-04
   8.9300000e+02   2.4030968e-04
   8.9400000e+02   1.4032662e-04
   8.9500000e+02   2.8401478e-04
   8.9600000e+02   4.4289815e-04
   8.9700000e+02   4.8526839e-04
   8.9800000e+02   6.1590273e-04
   8.9900000e+02   8.9184603e-04
   9.0000000e+02  -2.5556132e-04
