   4.0250000e-01   1.3106725e-04   4.2128757e-04   8.0173445e-04   1.6040972e-03   2.4491856e-03   3.3269466e-03   4.2317253e-03   5.1553535e-03   6.0946897e-03   7.0465923e-03   8.0079197e-03   8.9786718e-03   1.0932742e-02   1.2899379e-02   1.4869158e-02   1.6832653e-02   1.8786724e-02   2.0728228e-02   2.2657166e-02   2.4567255e-02   2.6461635e-02   2.8334024e-02   3.2923891e-02   3.7416369e-02   4.1751766e-02   4.5961501e-02   5.4066810e-02   6.1732296e-02   6.8832295e-02   7.5869463e-02   8.2435391e-02   1.1130663e-01   1.3499424e-01   1.7391857e-01   2.0464335e-01   2.3034157e-01
   4.0750000e-01   1.3043893e-04   4.2537165e-04   8.1241586e-04   1.6292300e-03   2.4900263e-03   3.3834953e-03   4.3039819e-03   5.2464597e-03   6.2046455e-03   7.1753976e-03   8.1555745e-03   9.1451762e-03   1.1133804e-02   1.3134999e-02   1.5139335e-02   1.7137388e-02   1.9126016e-02   2.1102078e-02   2.3059290e-02   2.5003936e-02   2.6926591e-02   2.8830396e-02   3.3489378e-02   3.8044687e-02   4.2442917e-02   4.6715483e-02   5.4915040e-02   6.2674773e-02   6.9869021e-02   7.6969020e-02   8.3597781e-02   1.1275176e-01   1.3659645e-01   1.7577211e-01   2.0665396e-01   2.3247786e-01
   4.1250000e-01   1.2962211e-04   4.2819908e-04   8.1995568e-04   1.6471370e-03   2.5192431e-03   3.4243360e-03   4.3573890e-03   5.3124332e-03   6.2831853e-03   7.2665038e-03   8.2592471e-03   9.2614151e-03   1.1281459e-02   1.3307786e-02   1.5337255e-02   1.7360441e-02   1.9371060e-02   2.1372255e-02   2.3354600e-02   2.5318095e-02   2.7262741e-02   2.9188537e-02   3.3897785e-02   3.8484510e-02   4.2945572e-02   4.7280969e-02   5.5543358e-02   6.3334508e-02   7.0591587e-02   7.7754418e-02   8.4446011e-02   1.1378849e-01   1.3779025e-01   1.7712299e-01   2.0809910e-01   2.3401724e-01
   4.1750000e-01   1.2959070e-04   4.3259731e-04   8.3063710e-04   1.6716415e-03   2.5585131e-03   3.4808847e-03   4.4296456e-03   5.4003978e-03   6.3899995e-03   7.3890259e-03   8.4006188e-03   9.4184948e-03   1.1469955e-02   1.3533981e-02   1.5594866e-02   1.7649468e-02   1.9694644e-02   2.1724113e-02   2.3737874e-02   2.5732785e-02   2.7705706e-02   2.9659776e-02   3.4431855e-02   3.9081413e-02   4.3605306e-02   4.7972120e-02   5.6328756e-02   6.4245570e-02   7.1565481e-02   7.8791144e-02   8.5545568e-02   1.1513937e-01   1.3929822e-01   1.7888229e-01   2.0998405e-01   2.3596502e-01
   4.2250000e-01   1.2968494e-04   4.3762386e-04   8.4226099e-04   1.6974025e-03   2.5999821e-03   3.5374333e-03   4.5050439e-03   5.4946456e-03   6.4999552e-03   7.5178312e-03   8.5482736e-03   9.5849992e-03   1.1671017e-02   1.3769601e-02   1.5865043e-02   1.7954202e-02   2.0033936e-02   2.2094821e-02   2.4139998e-02   2.6163184e-02   2.8167520e-02   3.0149865e-02   3.4997342e-02   3.9709731e-02   4.4296456e-02   4.8726102e-02   5.7176986e-02   6.5156632e-02   7.2570790e-02   7.9890701e-02   8.6707957e-02   1.1652167e-01   1.4086901e-01   1.8067299e-01   2.1193184e-01   2.3800706e-01
   4.2750000e-01   1.2996769e-04   4.4296456e-04   8.5451320e-04   1.7250485e-03   2.6442785e-03   3.6002652e-03   4.5867253e-03   5.5920349e-03   6.6161941e-03   7.6560613e-03   8.7022117e-03   9.7609284e-03   1.1884645e-02   1.4020928e-02   1.6154069e-02   1.8280928e-02   2.0392078e-02   2.2490662e-02   2.4567255e-02   2.6624998e-02   2.8657608e-02   3.0671369e-02   3.5594245e-02   4.0369466e-02   4.5019023e-02   4.9480084e-02   5.8056632e-02   6.6161941e-02   7.3638932e-02   8.1021675e-02   8.7901762e-02   1.1799822e-01   1.4253406e-01   1.8255795e-01   2.1397388e-01   2.4014334e-01
   4.3250000e-01   1.2940220e-04   4.4547784e-04   8.6142471e-04   1.7410706e-03   2.6703538e-03   3.6379643e-03   4.6338492e-03   5.6517252e-03   6.6884508e-03   7.7377427e-03   8.7996010e-03   9.8677425e-03   1.2016592e-02   1.4174866e-02   1.6329999e-02   1.8478848e-02   2.0611989e-02   2.2729423e-02   2.4828007e-02   2.6904599e-02   2.8959201e-02   3.0988670e-02   3.5971236e-02   4.0777873e-02   4.5458846e-02   4.9982739e-02   5.8622119e-02   6.6758844e-02   7.4267250e-02   8.1712825e-02   8.8655745e-02   1.1890928e-01   1.4353937e-01   1.8372034e-01   2.1523051e-01   2.4146281e-01
   4.3750000e-01   1.2999910e-04   4.5238934e-04   8.7650435e-04   1.7749998e-03   2.7250175e-03   3.7133625e-03   4.7312385e-03   5.7742473e-03   6.8329640e-03   7.9073887e-03   8.9912382e-03   1.0081371e-02   1.2277344e-02   1.4482742e-02   1.6684999e-02   1.8874689e-02   2.1051812e-02   2.3210087e-02   2.5349511e-02   2.7463803e-02   2.9556104e-02   3.1635838e-02   3.6693802e-02   4.1594687e-02   4.6338492e-02   5.0925217e-02   5.9690260e-02   6.7952649e-02   7.5555303e-02   8.3095126e-02   9.0100877e-02   1.2066857e-01   1.4551857e-01   1.8598229e-01   2.1764954e-01   2.4400750e-01
   4.4250000e-01   1.3411459e-04   4.7218138e-04   9.1765921e-04   1.8629644e-03   2.8638759e-03   3.9081413e-03   4.9825659e-03   6.0789818e-03   7.1973888e-03   8.3315037e-03   9.4750434e-03   1.0624866e-02   1.2937079e-02   1.5255574e-02   1.7567786e-02   1.9870574e-02   2.2151370e-02   2.4413317e-02   2.6650130e-02   2.8861812e-02   3.1048360e-02   3.3206634e-02   3.8484510e-02   4.3573890e-02   4.8506191e-02   5.3281411e-02   6.2329198e-02   7.0874330e-02   7.8728312e-02   8.6488046e-02   9.3682293e-02   1.2503539e-01   1.5035662e-01   1.9151149e-01   2.2355573e-01   2.5013361e-01
   4.4750000e-01   1.4228273e-04   5.0705305e-04   9.8928753e-04   2.0162742e-03   3.1064068e-03   4.2442917e-03   5.4161057e-03   6.6161941e-03   7.8351321e-03   9.0697780e-03   1.0313849e-02   1.1567344e-02   1.4080618e-02   1.6593892e-02   1.9100883e-02   2.1585883e-02   2.4048892e-02   2.6483626e-02   2.8890086e-02   3.1261988e-02   3.3615041e-02   3.5908404e-02   4.1531855e-02   4.6966810e-02   5.2213270e-02   5.7239818e-02   6.6853092e-02   7.5806631e-02   8.4069019e-02   9.2174328e-02   9.9714151e-02   1.3226105e-01   1.5836769e-01   2.0055928e-01   2.3323184e-01   2.6021812e-01
   4.5250000e-01   1.5305839e-04   5.5260615e-04   1.0825928e-03   2.2160795e-03   3.4243360e-03   4.6841146e-03   5.9847340e-03   7.3167693e-03   8.6676541e-03   1.0037389e-02   1.1413406e-02   1.2798848e-02   1.5569733e-02   1.8337476e-02   2.1086370e-02   2.3810131e-02   2.6499334e-02   2.9153980e-02   3.1761502e-02   3.4337608e-02   3.6882298e-02   3.9395572e-02   4.5458846e-02   5.1302208e-02   5.6894243e-02   6.2297782e-02   7.2507958e-02   8.2026984e-02   9.0729196e-02   9.9305744e-02   1.0719114e-01   1.4115176e-01   1.6820087e-01   2.1161768e-01   2.4498140e-01   2.7237608e-01
   4.5750000e-01   1.6279733e-04   5.9533181e-04   1.1714999e-03   2.4077166e-03   3.7290705e-03   5.1113712e-03   6.5345127e-03   7.9922117e-03   9.4719019e-03   1.0967300e-02   1.2468981e-02   1.3980087e-02   1.6999158e-02   2.0002520e-02   2.2980750e-02   2.5924423e-02   2.8827254e-02   3.1698670e-02   3.4494687e-02   3.7259289e-02   3.9992474e-02   4.2662828e-02   4.9134509e-02   5.5323447e-02   6.1292473e-02   6.6978755e-02   7.7754418e-02   8.7744683e-02   9.6855302e-02   1.0580884e-01   1.1403981e-01   1.4925707e-01   1.7709158e-01   2.2151370e-01   2.5541148e-01   2.8315175e-01
   4.6250000e-01   1.7055707e-04   6.3146012e-04   1.2472123e-03   2.5729644e-03   3.9929643e-03   5.4789376e-03   7.0120348e-03   8.5796895e-03   1.0169335e-02   1.1774689e-02   1.3386326e-02   1.5004247e-02   1.8230662e-02   2.1438228e-02   2.4611237e-02   2.7737122e-02   3.0819024e-02   3.3834953e-02   3.6819466e-02   3.9741147e-02   4.2599996e-02   4.5427430e-02   5.2244686e-02   5.8747783e-02   6.4968136e-02   7.0937162e-02   8.2152648e-02   9.2519904e-02   1.0197610e-01   1.1124380e-01   1.1972610e-01   1.5591724e-01   1.8438007e-01   2.2955618e-01   2.6389378e-01   2.9188537e-01
   4.6750000e-01   1.7662034e-04   6.6161941e-04   1.3109866e-03   2.7133936e-03   4.2191589e-03   5.7930969e-03   7.4204418e-03   9.0823444e-03   1.0763096e-02   1.2462698e-02   1.4165441e-02   1.5874468e-02   1.9279954e-02   2.2657166e-02   2.5990396e-02   2.9273360e-02   3.2515484e-02   3.5657077e-02   3.8767253e-02   4.1846014e-02   4.4830527e-02   4.7752208e-02   5.4852208e-02   6.1606632e-02   6.8046897e-02   7.4204418e-02   8.5796895e-02   9.6478310e-02   1.0618583e-01   1.1570486e-01   1.2440707e-01   1.6138361e-01   1.9031768e-01   2.3612210e-01   2.7077387e-01   2.9895396e-01
   4.7250000e-01   1.8384600e-04   6.9711941e-04   1.3863848e-03   2.8795838e-03   4.4861943e-03   6.1669464e-03   7.9011055e-03   9.6729638e-03   1.1466813e-02   1.3273229e-02   1.5085928e-02   1.6901768e-02   2.0511458e-02   2.4083449e-02   2.7605175e-02   3.1067210e-02   3.4463271e-02   3.7793360e-02   4.1060616e-02   4.4265040e-02   4.7375217e-02   5.0453978e-02   5.7868137e-02   6.4905304e-02   7.1596897e-02   7.8005746e-02   8.9975214e-02   1.0103362e-01   1.1099247e-01   1.2079424e-01   1.2971636e-01   1.6754114e-01   1.9700928e-01   2.4347343e-01   2.7847077e-01   3.0683935e-01
   4.7750000e-01   1.9185706e-04   7.3638932e-04   1.4702654e-03   3.0649378e-03   4.7846456e-03   6.5847782e-03   8.4414595e-03   1.0335840e-02   1.2252211e-02   1.4181149e-02   1.6110087e-02   1.8042167e-02   2.1878051e-02   2.5666812e-02   2.9392741e-02   3.3049555e-02   3.6630970e-02   4.0149554e-02   4.3573890e-02   4.6935394e-02   5.0202651e-02   5.3407075e-02   6.1135393e-02   6.8486720e-02   7.5461056e-02   8.2089816e-02   9.4499107e-02   1.0590309e-01   1.1620751e-01   1.2626061e-01   1.3546548e-01   1.7413848e-01   2.0414069e-01   2.5126458e-01   2.8660750e-01   3.1510174e-01
   4.8250000e-01   1.9964821e-04   7.7565923e-04   1.5544600e-03   3.2515484e-03   5.0862385e-03   7.0088932e-03   8.9880966e-03   1.1008141e-02   1.3047034e-02   1.5095353e-02   1.7146813e-02   1.9195131e-02   2.3254069e-02   2.7256458e-02   3.1183449e-02   3.5028758e-02   3.8798669e-02   4.2474333e-02   4.6055748e-02   4.9574332e-02   5.2998668e-02   5.6360172e-02   6.4402649e-02   7.2005304e-02   7.9262383e-02   8.6111055e-02   9.8960169e-02   1.1070973e-01   1.2126548e-01   1.3160132e-01   1.4102609e-01   1.8054733e-01   2.1102078e-01   2.5874157e-01   2.9436723e-01   3.2295572e-01
   4.8750000e-01   2.0671680e-04   8.1273002e-04   1.6345707e-03   3.4337608e-03   5.3752650e-03   7.4141587e-03   9.5127426e-03   1.1649026e-02   1.3807300e-02   1.5971857e-02   1.8133273e-02   2.0294689e-02   2.4564113e-02   2.8764422e-02   3.2892475e-02   3.6913714e-02   4.0840704e-02   4.4673448e-02   4.8411943e-02   5.2056190e-02   5.5606190e-02   5.9093358e-02   6.7449994e-02   7.5335392e-02   8.2780966e-02   8.9880966e-02   1.0307565e-01   1.1513937e-01   1.2594645e-01   1.3653362e-01   1.4614689e-01   1.8639069e-01   2.1733538e-01   2.6555883e-01   3.0143582e-01   3.3018139e-01
   4.9250000e-01   2.1281149e-04   8.4603090e-04   1.7071414e-03   3.5971236e-03   5.6391588e-03   7.7848666e-03   9.9902646e-03   1.2233362e-02   1.4495309e-02   1.6763538e-02   1.9028627e-02   2.1287432e-02   2.5745352e-02   3.0124732e-02   3.4400440e-02   3.8578758e-02   4.2662828e-02   4.6652651e-02   5.0516810e-02   5.4286721e-02   5.7962384e-02   6.1543800e-02   7.0151764e-02   7.8257073e-02   8.5922559e-02   9.3211054e-02   1.0671990e-01   1.1903495e-01   1.3009335e-01   1.4090043e-01   1.5067078e-01   1.9151149e-01   2.2280175e-01   2.7146502e-01   3.0756192e-01   3.3646457e-01
   4.9750000e-01   2.1783803e-04   8.7493355e-04   1.7706016e-03   3.7384953e-03   5.8747783e-03   8.1115922e-03   1.0414380e-02   1.2748583e-02   1.5104777e-02   1.7464114e-02   1.9817166e-02   2.2160795e-02   2.6785219e-02   3.1318537e-02   3.5751324e-02   4.0055306e-02   4.4265040e-02   4.8349111e-02   5.2338934e-02   5.6234508e-02   6.0004420e-02   6.3680083e-02   7.2507958e-02   8.0801763e-02   8.8655745e-02   9.6069903e-02   1.0986150e-01   1.2242787e-01   1.3364335e-01   1.4460751e-01   1.5453494e-01   1.9590972e-01   2.2751414e-01   2.7649157e-01   3.1277696e-01   3.4180528e-01
   5.0250000e-01   2.2748272e-04   9.2362824e-04   1.8764733e-03   3.9803979e-03   6.2611942e-03   8.6519462e-03   1.1108672e-02   1.3599955e-02   1.6106946e-02   1.8613936e-02   2.1111503e-02   2.3593361e-02   2.8484821e-02   3.3269466e-02   3.7919023e-02   4.2442917e-02   4.6872562e-02   5.1145128e-02   5.5323447e-02   5.9344685e-02   6.3303092e-02   6.7135835e-02   7.6309286e-02   8.4917249e-02   9.3022558e-02   1.0068804e-01   1.1488804e-01   1.2779999e-01   1.3929822e-01   1.5054512e-01   1.6069246e-01   2.0285264e-01   2.3489688e-01   2.8440838e-01   3.2107077e-01   3.4997342e-01
   5.0750000e-01   2.4077166e-04   9.8897337e-04   2.0184733e-03   4.3008403e-03   6.7795569e-03   9.3776541e-03   1.2041725e-02   1.4737211e-02   1.7445264e-02   2.0147034e-02   2.2829954e-02   2.5497166e-02   3.0727918e-02   3.5814156e-02   4.0777873e-02   4.5584509e-02   5.0265482e-02   5.4789376e-02   5.9187606e-02   6.3428756e-02   6.7575658e-02   7.1596897e-02   8.1210170e-02   9.0195125e-02   9.8646009e-02   1.0662565e-01   1.2132831e-01   1.3468008e-01   1.4652388e-01   1.5808494e-01   1.6851503e-01   2.1161768e-01   2.4419600e-01   2.9433582e-01   3.3112387e-01   3.6034068e-01
   5.1250000e-01   2.5525440e-04   1.0606017e-03   2.1755529e-03   4.6589819e-03   7.3576100e-03   1.0185043e-02   1.3075309e-02   1.5996990e-02   1.8921813e-02   2.1834069e-02   2.4721193e-02   2.7583183e-02   3.3175218e-02   3.8610174e-02   4.3888049e-02   4.9008845e-02   5.3941146e-02   5.8716367e-02   6.3334508e-02   6.7826985e-02   7.2193799e-02   7.6403533e-02   8.6456630e-02   9.5818576e-02   1.0461504e-01   1.1290884e-01   1.2814556e-01   1.4190574e-01   1.5412654e-01   1.6603317e-01   1.7671459e-01   2.2072830e-01   2.5384069e-01   3.0454599e-01   3.4149112e-01   3.7102209e-01
   5.1750000e-01   2.7061679e-04   1.1375707e-03   2.3451989e-03   5.0453978e-03   7.9859285e-03   1.1058406e-02   1.4193716e-02   1.7354158e-02   2.0508317e-02   2.3643626e-02   2.6744378e-02   2.9810573e-02   3.5782740e-02   4.1594687e-02   4.7186722e-02   5.2590261e-02   5.7805305e-02   6.2831853e-02   6.7701322e-02   7.2413711e-02   7.7000436e-02   8.1398666e-02   9.1891585e-02   1.0166194e-01   1.1080397e-01   1.1938052e-01   1.3515132e-01   1.4935131e-01   1.6191769e-01   1.7410706e-01   1.8507122e-01   2.2996458e-01   2.6357962e-01   3.1478758e-01   3.5217254e-01   3.8138935e-01
   5.2250000e-01   2.8736148e-04   1.2227079e-03   2.5340086e-03   5.4789376e-03   8.6896453e-03   1.2035441e-02   1.5440928e-02   1.8858981e-02   2.2267609e-02   2.5644821e-02   2.8974909e-02   3.2264157e-02   3.8673006e-02   4.4830527e-02   5.0768137e-02   5.6485836e-02   6.1983623e-02   6.7292915e-02   7.2413711e-02   7.7377427e-02   8.2152648e-02   8.6770789e-02   9.7734947e-02   1.0791371e-01   1.1740132e-01   1.2629202e-01   1.4256547e-01   1.5720530e-01   1.7011724e-01   1.8262078e-01   1.9383627e-01   2.3960927e-01   2.7366414e-01   3.2546900e-01   3.6285395e-01   3.9238492e-01
   5.2750000e-01   3.0272387e-04   1.3037610e-03   2.7155927e-03   5.8999110e-03   9.3682293e-03   1.2974778e-02   1.6634733e-02   2.0304113e-02   2.3945219e-02   2.7548626e-02   3.1092342e-02   3.4588935e-02   4.1374775e-02   4.7877872e-02   5.4129641e-02   6.0130083e-02   6.5910614e-02   7.1471233e-02   7.6811940e-02   8.1964152e-02   8.6959285e-02   9.1765921e-02   1.0310707e-01   1.1363141e-01   1.2343318e-01   1.3260663e-01   1.4938273e-01   1.6436813e-01   1.7756282e-01   1.9034910e-01   2.0178450e-01   2.4831148e-01   2.8277475e-01   3.3489378e-01   3.7227873e-01   4.0180970e-01
   5.3250000e-01   3.1478758e-04   1.3700486e-03   2.8657608e-03   6.2486278e-03   9.9305744e-03   1.3750751e-02   1.7624335e-02   2.1491635e-02   2.5327520e-02   2.9113139e-02   3.2829643e-02   3.6473891e-02   4.3573890e-02   5.0359730e-02   5.6862827e-02   6.3083180e-02   6.9083622e-02   7.4832737e-02   8.0330524e-02   8.5671232e-02   9.0792028e-02   9.5755744e-02   1.0744247e-01   1.1821813e-01   1.2827123e-01   1.3766459e-01   1.5475485e-01   1.7005441e-01   1.8346901e-01   1.9647520e-01   2.0806768e-01   2.5512874e-01   2.8987475e-01   3.4211944e-01   3.7981855e-01   4.0934952e-01
   5.3750000e-01   3.2923891e-04   1.4485884e-03   3.0442033e-03   6.6633180e-03   1.0599734e-02   1.4674379e-02   1.8789866e-02   2.2892786e-02   2.6951723e-02   3.0944688e-02   3.4871678e-02   3.8704421e-02   4.6118580e-02   5.3218580e-02   6.0004420e-02   6.6507516e-02   7.2727870e-02   7.8696896e-02   8.4414595e-02   8.9912382e-02   9.5221673e-02   1.0034247e-01   1.1237477e-01   1.2346459e-01   1.3376902e-01   1.4338229e-01   1.6088096e-01   1.7649468e-01   1.9012919e-01   2.0338671e-01   2.1513626e-01   2.6282564e-01   2.9782298e-01   3.5060174e-01   3.8830085e-01   4.1751766e-01
   5.4250000e-01   3.4274776e-04   1.5236724e-03   3.2169909e-03   7.0623003e-03   1.1243760e-02   1.5560308e-02   1.9911414e-02   2.4234246e-02   2.8503670e-02   3.2703980e-02   3.6788050e-02   4.0809289e-02   4.8569022e-02   5.5951765e-02   6.2988933e-02   6.9711941e-02   7.6152206e-02   8.2309728e-02   8.8215922e-02   9.3902204e-02   9.9337160e-02   1.0461504e-01   1.1696149e-01   1.2833406e-01   1.3888981e-01   1.4869158e-01   1.6653583e-01   1.8243229e-01   1.9628671e-01   2.0973273e-01   2.2163936e-01   2.6983139e-01   3.0511148e-01   3.5814156e-01   3.9584067e-01   4.2505749e-01
   5.4750000e-01   3.5939820e-04   1.6160353e-03   3.4274776e-03   7.5586719e-03   1.2038583e-02   1.6647299e-02   2.1281149e-02   2.5871016e-02   3.0388626e-02   3.4808847e-02   3.9144244e-02   4.3353979e-02   5.1490704e-02   5.9219022e-02   6.6570348e-02   7.3576100e-02   8.0236276e-02   8.6645125e-02   9.2739815e-02   9.8614593e-02   1.0423804e-01   1.0967300e-01   1.2239645e-01   1.3408317e-01   1.4489025e-01   1.5494335e-01   1.7316459e-01   1.8937521e-01   2.0348096e-01   2.1714688e-01   2.2924202e-01   2.7796812e-01   3.1353095e-01   3.6662386e-01   4.0432297e-01   4.3385395e-01
   5.5250000e-01   3.7322121e-04   1.6967742e-03   3.6159731e-03   7.9953533e-03   1.2736017e-02   1.7605485e-02   2.2481237e-02   2.7300440e-02   3.2044245e-02   3.6662386e-02   4.1154864e-02   4.5584509e-02   5.4003978e-02   6.2015039e-02   6.9649109e-02   7.6874772e-02   8.3754860e-02   9.0320789e-02   9.6603974e-02   1.0263583e-01   1.0841636e-01   1.1397698e-01   1.2701459e-01   1.3895264e-01   1.4997963e-01   1.6025264e-01   1.7878804e-01   1.9521857e-01   2.0954423e-01   2.2336724e-01   2.3561945e-01   2.8478537e-01   3.2044245e-01   3.7384953e-01   4.1154864e-01   4.4107961e-01
   5.5750000e-01   3.8547342e-04   1.7690308e-03   3.7824776e-03   8.3880524e-03   1.3367477e-02   1.8463140e-02   2.3555662e-02   2.8575927e-02   3.3489378e-02   3.8296014e-02   4.2976988e-02   4.7532297e-02   5.6265924e-02   6.4496897e-02   7.2350879e-02   7.9765037e-02   8.6833621e-02   9.3556629e-02   9.9996894e-02   1.0615442e-01   1.1209203e-01   1.1774689e-01   1.3103583e-01   1.4319379e-01   1.5440928e-01   1.6483937e-01   1.8365751e-01   2.0027653e-01   2.1475927e-01   2.2873936e-01   2.4108582e-01   2.9062874e-01   3.2641148e-01   3.8013271e-01   4.1783182e-01   4.4704863e-01
   5.6250000e-01   3.9552652e-04   1.8318627e-03   3.9332740e-03   8.7336276e-03   1.3917255e-02   1.9213981e-02   2.4491856e-02   2.9688051e-02   3.4777431e-02   3.9709731e-02   4.4547784e-02   4.9228757e-02   5.8182296e-02   6.6664596e-02   7.4675657e-02   8.2246896e-02   8.9472559e-02   9.6352647e-02   1.0291858e-01   1.0920176e-01   1.1520220e-01   1.2098273e-01   1.3449158e-01   1.4683804e-01   1.5821061e-01   1.6873494e-01   1.8777299e-01   2.0458051e-01   2.1918892e-01   2.3329467e-01   2.4573538e-01   2.9556104e-01   3.3175218e-01   3.8515926e-01   4.2285837e-01   4.5207518e-01
   5.6750000e-01   4.0180970e-04   1.8742742e-03   4.0306634e-03   8.9723886e-03   1.4294247e-02   1.9726060e-02   2.5129600e-02   3.0442033e-02   3.5625661e-02   4.0683625e-02   4.5584509e-02   5.0359730e-02   5.9501765e-02   6.8109729e-02   7.6246454e-02   8.3943356e-02   9.1263267e-02   9.8206186e-02   1.0486636e-01   1.1121238e-01   1.1730707e-01   1.2315043e-01   1.3678494e-01   1.4925707e-01   1.6072388e-01   1.7134246e-01   1.9053759e-01   2.0747078e-01   2.2214202e-01   2.3631060e-01   2.4884555e-01   2.9885971e-01   3.3489378e-01   3.8861501e-01   4.2631412e-01   4.5553093e-01
   5.7250000e-01   4.0400882e-04   1.8978361e-03   4.0903536e-03   9.1106187e-03   1.4517300e-02   2.0027653e-02   2.5506591e-02   3.0888139e-02   3.6128316e-02   4.1249112e-02   4.6212828e-02   5.1050881e-02   6.0255747e-02   6.8957959e-02   7.7157516e-02   8.4917249e-02   9.2299992e-02   9.9305744e-02   1.0599734e-01   1.1240619e-01   1.1853229e-01   1.2440707e-01   1.3813583e-01   1.5067078e-01   1.6220043e-01   1.7288184e-01   1.9213981e-01   2.0913582e-01   2.2386989e-01   2.3806989e-01   2.5063626e-01   3.0077608e-01   3.3709289e-01   3.9049997e-01   4.2819908e-01   4.5741589e-01
   5.7750000e-01   4.0432297e-04   1.9100883e-03   4.1217696e-03   9.1860169e-03   1.4639822e-02   2.0191016e-02   2.5713936e-02   3.1133183e-02   3.6411059e-02   4.1563271e-02   4.6558403e-02   5.1427872e-02   6.0664154e-02   6.9397782e-02   7.7660170e-02   8.5451320e-02   9.2865479e-02   9.9934062e-02   1.0662565e-01   1.1306592e-01   1.1919203e-01   1.2509822e-01   1.3885840e-01   1.5145618e-01   1.6301724e-01   1.7373007e-01   1.9301945e-01   2.1004688e-01   2.2481237e-01   2.3904379e-01   2.5164157e-01   3.0181281e-01   3.3803537e-01   3.9175660e-01   4.2945572e-01   4.5867253e-01
   5.8250000e-01   3.9961059e-04   1.8959512e-03   4.0934952e-03   9.1231851e-03   1.4539291e-02   2.0059069e-02   2.5547431e-02   3.0938404e-02   3.6191147e-02   4.1311943e-02   4.6307076e-02   5.1113712e-02   6.0349995e-02   6.9052207e-02   7.7251763e-02   8.5042913e-02   9.2425656e-02   9.9462823e-02   1.0615442e-01   1.1256326e-01   1.1868937e-01   1.2456415e-01   1.3829291e-01   1.5082786e-01   1.6238892e-01   1.7307034e-01   1.9232830e-01   2.0935573e-01   2.2408980e-01   2.3832122e-01   2.5085617e-01   3.0099599e-01   3.3709289e-01   3.9081413e-01   4.2851324e-01   4.5773005e-01
   5.8750000e-01   3.9521236e-04   1.8821282e-03   4.0652209e-03   9.0572116e-03   1.4438760e-02   1.9923981e-02   2.5380927e-02   3.0740484e-02   3.5971236e-02   4.1060616e-02   4.6024332e-02   5.0830969e-02   6.0004420e-02   6.8675215e-02   7.6874772e-02   8.4603090e-02   9.1954417e-02   9.8960169e-02   1.0565176e-01   1.1202919e-01   1.1815530e-01   1.2399866e-01   1.3769601e-01   1.5023096e-01   1.6172919e-01   1.7241060e-01   1.9163715e-01   2.0863317e-01   2.2333582e-01   2.3753582e-01   2.5010219e-01   3.0017918e-01   3.3646457e-01   3.8987165e-01   4.2788492e-01   4.5710173e-01
   5.9250000e-01   3.8955749e-04   1.8623361e-03   4.0212386e-03   8.9598222e-03   1.4287963e-02   1.9719777e-02   2.5126458e-02   3.0438891e-02   3.5625661e-02   4.0683625e-02   4.5584509e-02   5.0391146e-02   5.9501765e-02   6.8109729e-02   7.6246454e-02   8.3943356e-02   9.1263267e-02   9.8237602e-02   1.0489778e-01   1.1124380e-01   1.1733849e-01   1.2318185e-01   1.3681636e-01   1.4928848e-01   1.6075530e-01   1.7140530e-01   1.9056901e-01   2.0750219e-01   2.2220485e-01   2.3637343e-01   2.4890839e-01   2.9892254e-01   3.3520794e-01   3.8861501e-01   4.2631412e-01   4.5553093e-01
   5.9750000e-01   3.7730528e-04   1.8061016e-03   3.8955749e-03   8.6707957e-03   1.3826149e-02   1.9094600e-02   2.4347343e-02   2.9521546e-02   3.4588935e-02   3.9521236e-02   4.4296456e-02   4.8977429e-02   5.7899553e-02   6.6350437e-02   7.4330082e-02   8.1901320e-02   8.9126984e-02   9.5975656e-02   1.0251017e-01   1.0879335e-01   1.1479380e-01   1.2054291e-01   1.3402034e-01   1.4633539e-01   1.5770795e-01   1.6823229e-01   1.8723892e-01   2.0404644e-01   2.1862343e-01   2.3269777e-01   2.4516989e-01   2.9496413e-01   3.3112387e-01   3.8453094e-01   4.2223005e-01   4.5144686e-01
   6.0250000e-01   3.6348227e-04   1.7429556e-03   3.7510616e-03   8.3409285e-03   1.3301503e-02   1.8384600e-02   2.3461414e-02   2.8469113e-02   3.3363714e-02   3.8170351e-02   4.2819908e-02   4.7375217e-02   5.6077429e-02   6.4339818e-02   7.2130967e-02   7.9576542e-02   8.6613709e-02   9.3336718e-02   9.9776983e-02   1.0593450e-01   1.1184070e-01   1.1749557e-01   1.3078450e-01   1.4294247e-01   1.5415795e-01   1.6455662e-01   1.8334335e-01   1.9999379e-01   2.1444511e-01   2.2842520e-01   2.4077166e-01   2.9031458e-01   3.2609732e-01   3.7981855e-01   4.1751766e-01   4.4673448e-01
   6.0750000e-01   3.5248670e-04   1.6917476e-03   3.6348227e-03   8.0738931e-03   1.2877388e-02   1.7806547e-02   2.2741989e-02   2.7614599e-02   3.2389820e-02   3.7070793e-02   4.1626103e-02   4.6087164e-02   5.4600880e-02   6.2674773e-02   7.0340260e-02   7.7628754e-02   8.4571674e-02   9.1200435e-02   9.7515036e-02   1.0357831e-01   1.0939026e-01   1.1498229e-01   1.2808273e-01   1.4011503e-01   1.5120485e-01   1.6147786e-01   1.8010751e-01   1.9660087e-01   2.1098936e-01   2.2484379e-01   2.3712741e-01   2.8641900e-01   3.2232741e-01   3.7573448e-01   4.1343359e-01   4.4265040e-01
   6.1250000e-01   3.4306192e-04   1.6493361e-03   3.5405749e-03   7.8539816e-03   1.2531813e-02   1.7335308e-02   2.2148228e-02   2.6910883e-02   3.1604422e-02   3.6159731e-02   4.0620793e-02   4.4987607e-02   5.3344243e-02   6.1292473e-02   6.8832295e-02   7.6026542e-02   8.2843798e-02   8.9378311e-02   9.5630080e-02   1.0163052e-01   1.0737964e-01   1.1290884e-01   1.2585220e-01   1.3775884e-01   1.4872300e-01   1.5893317e-01   1.7740574e-01   1.9380485e-01   2.0806768e-01   2.2185927e-01   2.3408007e-01   2.8315175e-01   3.1887165e-01   3.7227873e-01   4.0997784e-01   4.3950881e-01
   6.1750000e-01   3.3018139e-04   1.5883892e-03   3.4023448e-03   7.5398224e-03   1.2026017e-02   1.6644158e-02   2.1284290e-02   2.5880440e-02   3.0404334e-02   3.4840263e-02   3.9175660e-02   4.3385395e-02   5.1522120e-02   5.9281853e-02   6.6633180e-02   7.3638932e-02   8.0330524e-02   8.6707957e-02   9.2834063e-02   9.8708841e-02   1.0436371e-01   1.0979866e-01   1.2252211e-01   1.3424025e-01   1.4504733e-01   1.5513185e-01   1.7335308e-01   1.8956370e-01   2.0370087e-01   2.1736680e-01   2.2946193e-01   2.7825086e-01   3.1384511e-01   3.6693802e-01   4.0495129e-01   4.3416810e-01
   6.2250000e-01   3.2326988e-04   1.5585441e-03   3.3363714e-03   7.3858843e-03   1.1780972e-02   1.6311149e-02   2.0863317e-02   2.5380927e-02   2.9829422e-02   3.4180528e-02   3.8453094e-02   4.2631412e-02   5.0642474e-02   5.8276544e-02   6.5565039e-02   7.2476543e-02   7.9105303e-02   8.5419904e-02   9.1483178e-02   9.7295124e-02   1.0288716e-01   1.0825928e-01   1.2088849e-01   1.3251238e-01   1.4325663e-01   1.5324689e-01   1.7137388e-01   1.8749025e-01   2.0156458e-01   2.1513626e-01   2.2719998e-01   2.7583183e-01   3.1133183e-01   3.6442475e-01   4.0212386e-01   4.3165483e-01
   6.2750000e-01   3.2107077e-04   1.5528892e-03   3.3269466e-03   7.3638932e-03   1.1746415e-02   1.6260884e-02   2.0803627e-02   2.5308670e-02   2.9744599e-02   3.4086280e-02   3.8358846e-02   4.2505749e-02   5.0516810e-02   5.8150880e-02   6.5407959e-02   7.2319463e-02   7.8916807e-02   8.5231409e-02   9.1294683e-02   9.7075213e-02   1.0266725e-01   1.0803937e-01   1.2066857e-01   1.3226105e-01   1.4297388e-01   1.5296415e-01   1.7109114e-01   1.8717609e-01   2.0125043e-01   2.1482211e-01   2.2688582e-01   2.7548626e-01   3.1098626e-01   3.6411059e-01   4.0180970e-01   4.3134067e-01
   6.3250000e-01   3.2044245e-04   1.5544600e-03   3.3300882e-03   7.3764596e-03   1.1768406e-02   1.6292300e-02   2.0841326e-02   2.5352653e-02   2.9798006e-02   3.4149112e-02   3.8421678e-02   4.2599996e-02   5.0611058e-02   5.8245128e-02   6.5502207e-02   7.2413711e-02   7.9042471e-02   8.5357072e-02   9.1420346e-02   9.7232293e-02   1.0282433e-01   1.0819645e-01   1.2082565e-01   1.3241813e-01   1.4316238e-01   1.5315264e-01   1.7127963e-01   1.8739600e-01   2.0143892e-01   2.1504202e-01   2.2710573e-01   2.7570617e-01   3.1120617e-01   3.6442475e-01   4.0212386e-01   4.3165483e-01
   6.3750000e-01   3.2138493e-04   1.5654556e-03   3.3583625e-03   7.4392914e-03   1.1872079e-02   1.6436813e-02   2.1023538e-02   2.5569423e-02   3.0046192e-02   3.4431855e-02   3.8735837e-02   4.2914156e-02   5.0988049e-02   5.8653535e-02   6.5973446e-02   7.2916365e-02   7.9576542e-02   8.5922559e-02   9.2017249e-02   9.7829195e-02   1.0345265e-01   1.0885619e-01   1.2151680e-01   1.3317211e-01   1.4394778e-01   1.5396946e-01   1.7215928e-01   1.8830706e-01   2.0238140e-01   2.1601591e-01   2.2811104e-01   2.7677431e-01   3.1233714e-01   3.6536723e-01   4.0338050e-01   4.3259731e-01
   6.4250000e-01   3.2044245e-04   1.5638848e-03   3.3552210e-03   7.4361498e-03   1.1865795e-02   1.6427388e-02   2.1010972e-02   2.5556856e-02   3.0033626e-02   3.4431855e-02   3.8704421e-02   4.2914156e-02   5.0956633e-02   5.8622119e-02   6.5942030e-02   7.2884950e-02   7.9545126e-02   8.5891143e-02   9.1985833e-02   9.7797779e-02   1.0342123e-01   1.0882477e-01   1.2148539e-01   1.3314070e-01   1.4391636e-01   1.5393804e-01   1.7209645e-01   1.8824423e-01   2.0234998e-01   2.1595308e-01   2.2804821e-01   2.7674290e-01   3.1227431e-01   3.6536723e-01   4.0306634e-01   4.3259731e-01
   6.4750000e-01   3.1981413e-04   1.5651415e-03   3.3583625e-03   7.4455746e-03   1.1881503e-02   1.6449379e-02   2.1039246e-02   2.5591414e-02   3.0071325e-02   3.4463271e-02   3.8767253e-02   4.2945572e-02   5.1019465e-02   5.8716367e-02   6.6004862e-02   7.2979197e-02   7.9639374e-02   8.5985391e-02   9.2080081e-02   9.7923443e-02   1.0351548e-01   1.0891902e-01   1.2161105e-01   1.3326636e-01   1.4404202e-01   1.5406370e-01   1.7225353e-01   1.8840131e-01   2.0250706e-01   2.1611016e-01   2.2820529e-01   2.7689998e-01   3.1246281e-01   3.6568138e-01   4.0338050e-01   4.3291147e-01
   6.5250000e-01   3.0253537e-04   1.4768627e-03   3.1604422e-03   6.9837605e-03   1.1136946e-02   1.5431503e-02   1.9757476e-02   2.4061458e-02   2.8308891e-02   3.2484068e-02   3.6568138e-02   4.0557961e-02   4.8286279e-02   5.5637606e-02   6.2674773e-02   6.9366366e-02   7.5806631e-02   8.1932736e-02   8.7807515e-02   9.3493797e-02   9.8928753e-02   1.0417521e-01   1.1652167e-01   1.2786282e-01   1.3838716e-01   1.4818893e-01   1.6600176e-01   1.8186680e-01   1.9575264e-01   2.0916724e-01   2.2107388e-01   2.6926591e-01   3.0454599e-01   3.5751324e-01   3.9521236e-01   4.2474333e-01
   6.5750000e-01   2.6653272e-04   1.2921371e-03   2.7422962e-03   6.0161499e-03   9.5818576e-03   1.3288937e-02   1.7049423e-02   2.0809910e-02   2.4545263e-02   2.8230352e-02   3.1855750e-02   3.5437165e-02   4.2348669e-02   4.8977429e-02   5.5354863e-02   6.1480968e-02   6.7355746e-02   7.3010613e-02   7.8445569e-02   8.3660612e-02   8.8718577e-02   9.3619461e-02   1.0511769e-01   1.1579911e-01   1.2569512e-01   1.3499424e-01   1.5192742e-01   1.6706990e-01   1.8039025e-01   1.9330220e-01   2.0480043e-01   2.5164157e-01   2.8626192e-01   3.3866369e-01   3.7604864e-01   4.0557961e-01
   6.6250000e-01   2.2462387e-04   1.0794512e-03   2.2685441e-03   4.9260173e-03   7.8194241e-03   1.0844778e-02   1.3932963e-02   1.7046282e-02   2.0159600e-02   2.3250927e-02   2.6310838e-02   2.9339334e-02   3.5248670e-02   4.0997784e-02   4.6526987e-02   5.1867695e-02   5.7051323e-02   6.2015039e-02   6.6853092e-02   7.1534065e-02   7.6057958e-02   8.0456188e-02   9.0854860e-02   1.0056238e-01   1.0964158e-01   1.1818672e-01   1.3386326e-01   1.4800043e-01   1.6050397e-01   1.7266193e-01   1.8356326e-01   2.2836237e-01   2.6191458e-01   3.1312254e-01   3.5028758e-01   3.7981855e-01
   6.6750000e-01   1.9220264e-04   9.1765921e-04   1.9141724e-03   4.1186280e-03   6.5125216e-03   9.0226541e-03   1.1595618e-02   1.4206282e-02   1.6826370e-02   1.9446459e-02   2.2050839e-02   2.4639511e-02   2.9728891e-02   3.4683183e-02   3.9521236e-02   4.4233625e-02   4.8788934e-02   5.3218580e-02   5.7522561e-02   6.1669464e-02   6.5753534e-02   6.9680525e-02   7.9105303e-02   8.7933178e-02   9.6258399e-02   1.0411238e-01   1.1862654e-01   1.3182123e-01   1.4353937e-01   1.5497477e-01   1.6527919e-01   2.0803627e-01   2.4045750e-01   2.9040882e-01   3.2703980e-01   3.5625661e-01
   6.7250000e-01   1.7373007e-04   8.2718135e-04   1.7178229e-03   3.6756634e-03   5.7962384e-03   8.0204860e-03   1.0310707e-02   1.2635486e-02   1.4979114e-02   1.7325883e-02   1.9666370e-02   2.2000573e-02   2.6603007e-02   3.1117475e-02   3.5531413e-02   3.9835395e-02   4.4013713e-02   4.8097784e-02   5.2056190e-02   5.5951765e-02   5.9721676e-02   6.3397340e-02   7.2193799e-02   8.0456188e-02   8.8310169e-02   9.5724328e-02   1.0948450e-01   1.2201946e-01   1.3323494e-01   1.4419910e-01   1.5409512e-01   1.9546989e-01   2.2707432e-01   2.7611458e-01   3.1239997e-01   3.4149112e-01
   6.7750000e-01   1.6876636e-04   8.0424772e-04   1.6684999e-03   3.5657077e-03   5.6171677e-03   7.7723002e-03   9.9871230e-03   1.2239645e-02   1.4514158e-02   1.6791813e-02   1.9066326e-02   2.1334556e-02   2.5811325e-02   3.0209555e-02   3.4494687e-02   3.8704421e-02   4.2788492e-02   4.6778315e-02   5.0673890e-02   5.4475217e-02   5.8150880e-02   6.1763712e-02   7.0403091e-02   7.8539816e-02   8.6236718e-02   9.3525213e-02   1.0706548e-01   1.1944335e-01   1.3053317e-01   1.4134025e-01   1.5117344e-01   1.9213981e-01   2.2349290e-01   2.7228184e-01   3.0844157e-01   3.3740705e-01
   6.8250000e-01   1.7979335e-04   8.6079639e-04   1.7913361e-03   3.8421678e-03   6.0664154e-03   8.3974772e-03   1.0797654e-02   1.3229247e-02   1.5679689e-02   1.8130131e-02   2.0571149e-02   2.3002741e-02   2.7793670e-02   3.2484068e-02   3.7070793e-02   4.1500439e-02   4.5835837e-02   5.0045571e-02   5.4161057e-02   5.8150880e-02   6.2015039e-02   6.5816366e-02   7.4864153e-02   8.3346453e-02   9.1357514e-02   9.8960169e-02   1.1300309e-01   1.2578937e-01   1.3722477e-01   1.4837742e-01   1.5846193e-01   2.0037078e-01   2.3228936e-01   2.8170661e-01   3.1824334e-01   3.4746015e-01
   6.8750000e-01   2.0985839e-04   1.0144203e-03   2.1281149e-03   4.6087164e-03   7.3073445e-03   1.0131636e-02   1.3021902e-02   1.5940441e-02   1.8862122e-02   2.1774379e-02   2.4661502e-02   2.7523493e-02   3.3112387e-02   3.8578758e-02   4.3825218e-02   4.8946014e-02   5.3878314e-02   5.8653535e-02   6.3303092e-02   6.7764154e-02   7.2130967e-02   7.6340701e-02   8.6393798e-02   9.5787160e-02   1.0458362e-01   1.1287742e-01   1.2814556e-01   1.4190574e-01   1.5412654e-01   1.6603317e-01   1.7674600e-01   2.2082255e-01   2.5396635e-01   3.0473449e-01   3.4180528e-01   3.7133625e-01
   6.9250000e-01   2.5635396e-04   1.2566371e-03   2.6672122e-03   5.8496455e-03   9.3148222e-03   1.2918229e-02   1.6581326e-02   2.0247565e-02   2.3888671e-02   2.7492077e-02   3.1035794e-02   3.4526103e-02   4.1311943e-02   4.7815040e-02   5.4066810e-02   6.0098667e-02   6.5847782e-02   7.1408401e-02   7.6780524e-02   8.1932736e-02   8.6896453e-02   9.1734505e-02   1.0307565e-01   1.1363141e-01   1.2343318e-01   1.3260663e-01   1.4938273e-01   1.6439954e-01   1.7759423e-01   1.9041193e-01   2.0184733e-01   2.4843715e-01   2.8290042e-01   3.3520794e-01   3.7259289e-01   4.0212386e-01
   6.9750000e-01   3.0580263e-04   1.5211592e-03   3.2672564e-03   7.2413711e-03   1.1561061e-02   1.6012698e-02   2.0492609e-02   2.4941104e-02   2.9323626e-02   3.3615041e-02   3.7824776e-02   4.1940262e-02   4.9888491e-02   5.7428314e-02   6.4622561e-02   7.1471233e-02   7.8037162e-02   8.4288931e-02   9.0289373e-02   9.6069903e-02   1.0159911e-01   1.0693981e-01   1.1947477e-01   1.3100441e-01   1.4168583e-01   1.5164468e-01   1.6967742e-01   1.8569954e-01   1.9971104e-01   2.1325131e-01   2.2528361e-01   2.7378980e-01   3.0922696e-01   3.6222563e-01   4.0023890e-01   4.2945572e-01
   7.0250000e-01   3.3457962e-04   1.6788671e-03   3.6316811e-03   8.0896011e-03   1.2915087e-02   1.7863096e-02   2.2817387e-02   2.7708847e-02   3.2515484e-02   3.7196457e-02   4.1783182e-02   4.6244244e-02   5.4789376e-02   6.2894685e-02   7.0560171e-02   7.7880082e-02   8.4823002e-02   9.1483178e-02   9.7829195e-02   1.0389247e-01   1.0973583e-01   1.1532787e-01   1.2845972e-01   1.4049202e-01   1.5161326e-01   1.6191769e-01   1.8057875e-01   1.9710352e-01   2.1149202e-01   2.2537786e-01   2.3766148e-01   2.8704732e-01   3.2295572e-01   3.7636280e-01   4.1406191e-01   4.4359288e-01
   7.0750000e-01   3.2515484e-04   1.6267167e-03   3.5091590e-03   7.8099993e-03   1.2465840e-02   1.7253627e-02   2.2053980e-02   2.6797785e-02   3.1478758e-02   3.6034068e-02   4.0495129e-02   4.4830527e-02   5.3187164e-02   6.1103977e-02   6.8643799e-02   7.5806631e-02   8.2623887e-02   8.9126984e-02   9.5378753e-02   1.0134778e-01   1.0709689e-01   1.1262610e-01   1.2556946e-01   1.3744468e-01   1.4840884e-01   1.5861901e-01   1.7706016e-01   1.9345928e-01   2.0772211e-01   2.2148228e-01   2.3370308e-01   2.8280617e-01   3.1855750e-01   3.7196457e-01   4.0966368e-01   4.3919465e-01
   7.1250000e-01   2.9106856e-04   1.4419910e-03   3.0875573e-03   6.8235392e-03   1.0885619e-02   1.5089070e-02   1.9327078e-02   2.3546237e-02   2.7715130e-02   3.1824334e-02   3.5814156e-02   3.9772563e-02   4.7375217e-02   5.4632296e-02   6.1543800e-02   6.8172561e-02   7.4487162e-02   8.0550436e-02   8.6393798e-02   9.1985833e-02   9.7357956e-02   1.0257300e-01   1.1479380e-01   1.2604070e-01   1.3647078e-01   1.4620972e-01   1.6389689e-01   1.7966768e-01   1.9345928e-01   2.0681104e-01   2.1868626e-01   2.6665838e-01   3.0187564e-01   3.5468581e-01   3.9238492e-01   4.2191589e-01
   7.1750000e-01   2.4743184e-04   1.2101415e-03   2.5632254e-03   5.6077429e-03   8.9252647e-03   1.2381017e-02   1.5896459e-02   1.9421326e-02   2.2930485e-02   2.6405086e-02   2.9829422e-02   3.3206634e-02   3.9772563e-02   4.6087164e-02   5.2150438e-02   5.7993800e-02   6.3648667e-02   6.9052207e-02   7.4267250e-02   7.9325215e-02   8.4194683e-02   8.8907072e-02   1.0002831e-01   1.1036415e-01   1.2000884e-01   1.2902521e-01   1.4554999e-01   1.6034689e-01   1.7338450e-01   1.8604512e-01   1.9735485e-01   2.4353626e-01   2.7781104e-01   3.2986723e-01   3.6725218e-01   3.9678315e-01
   7.2250000e-01   2.0483184e-04   9.8834505e-04   2.0703096e-03   4.4767695e-03   7.0937162e-03   9.8331850e-03   1.2638627e-02   1.5475485e-02   1.8318627e-02   2.1152343e-02   2.3967210e-02   2.6753803e-02   3.2232741e-02   3.7542032e-02   4.2694244e-02   4.7689376e-02   5.2527429e-02   5.7208402e-02   6.1763712e-02   6.6161941e-02   7.0465923e-02   7.4612826e-02   8.4477426e-02   9.3745125e-02   1.0241592e-01   1.1058406e-01   1.2566371e-01   1.3929822e-01   1.5139335e-01   1.6317432e-01   1.7379291e-01   2.1752388e-01   2.5047918e-01   3.0109024e-01   3.3803537e-01   3.6756634e-01
   7.2750000e-01   1.6578184e-04   7.8885392e-04   1.6355131e-03   3.4903094e-03   5.4977871e-03   7.6026542e-03   9.7734947e-03   1.1975751e-02   1.4203140e-02   1.6433671e-02   1.8661060e-02   2.0885308e-02   2.5280396e-02   2.9596944e-02   3.3834953e-02   3.7950439e-02   4.1971678e-02   4.5898669e-02   4.9731412e-02   5.3469907e-02   5.7114154e-02   6.0664154e-02   6.9177870e-02   7.7220347e-02   8.4823002e-02   9.2048665e-02   1.0546327e-01   1.1771548e-01   1.2867964e-01   1.3942388e-01   1.4916282e-01   1.8987786e-01   2.2110529e-01   2.6967431e-01   3.0577121e-01   3.3489378e-01
   7.3250000e-01   1.3295220e-04   6.2486278e-04   1.2839689e-03   2.7083670e-03   4.2380085e-03   5.8402207e-03   7.4926985e-03   9.1828753e-03   1.0891902e-02   1.2619778e-02   1.4350795e-02   1.6088096e-02   1.9543848e-02   2.2971325e-02   2.6357962e-02   2.9688051e-02   3.2955307e-02   3.6159731e-02   3.9332740e-02   4.2411501e-02   4.5458846e-02   4.8411943e-02   5.5606190e-02   6.2423446e-02   6.8957959e-02   7.5178312e-02   8.6896453e-02   9.7672116e-02   1.0747388e-01   1.1708716e-01   1.2585220e-01   1.6311149e-01   1.9226547e-01   2.3832122e-01   2.7316148e-01   3.0146723e-01
   7.3750000e-01   1.1014424e-04   5.1239376e-04   1.0458362e-03   2.1871768e-03   3.4023448e-03   4.6746899e-03   5.9847340e-03   7.3261941e-03   8.6896453e-03   1.0068804e-02   1.1454247e-02   1.2852256e-02   1.5645131e-02   1.8431724e-02   2.1202609e-02   2.3945219e-02   2.6656414e-02   2.9329909e-02   3.1949997e-02   3.4557519e-02   3.7102209e-02   3.9646899e-02   4.5741589e-02   5.1616367e-02   5.7271234e-02   6.2706189e-02   7.2979197e-02   8.2529639e-02   9.1294683e-02   9.9902646e-02   1.0785088e-01   1.4199999e-01   1.6917476e-01   2.1278007e-01   2.4626945e-01   2.7378980e-01
   7.4250000e-01   9.9776983e-05   4.6244244e-04   9.4184948e-04   1.9622388e-03   3.0454599e-03   4.1751766e-03   5.3407075e-03   6.5313711e-03   7.7440259e-03   8.9723886e-03   1.0210176e-02   1.1454247e-02   1.3954955e-02   1.6455662e-02   1.8950087e-02   2.1422520e-02   2.3872963e-02   2.6298272e-02   2.8695307e-02   3.1057785e-02   3.3395130e-02   3.5688493e-02   4.1311943e-02   4.6715483e-02   5.1930527e-02   5.6957075e-02   6.6538932e-02   7.5492471e-02   8.3723444e-02   9.1828753e-02   9.9337160e-02   1.3188406e-01   1.5802211e-01   2.0024512e-01   2.3294910e-01   2.5999821e-01
   7.4750000e-01   9.6415479e-05   4.4704863e-04   9.0949107e-04   1.8928096e-03   2.9355042e-03   4.0212386e-03   5.1427872e-03   6.2894685e-03   7.4549994e-03   8.6362382e-03   9.8269018e-03   1.1026990e-02   1.3433450e-02   1.5846193e-02   1.8252653e-02   2.0643405e-02   2.3012166e-02   2.5358936e-02   2.7677431e-02   2.9967652e-02   3.2232741e-02   3.4463271e-02   3.9898227e-02   4.5176102e-02   5.0265482e-02   5.5166367e-02   6.4496897e-02   7.3261941e-02   8.1304418e-02   8.9252647e-02   9.6635390e-02   1.2861680e-01   1.5440928e-01   1.9616105e-01   2.2861370e-01   2.5547431e-01
   7.5250000e-01   9.4216364e-05   4.3699554e-04   8.8938488e-04   1.8497698e-03   2.8670175e-03   3.9269908e-03   5.0202651e-03   6.1386720e-03   7.2759286e-03   8.4257515e-03   9.5881408e-03   1.0759955e-02   1.3109866e-02   1.5469202e-02   1.7819114e-02   2.0156458e-02   2.2474954e-02   2.4771458e-02   2.7042830e-02   2.9289068e-02   3.1510174e-02   3.3709289e-02   3.9049997e-02   4.4202209e-02   4.9197341e-02   5.4035394e-02   6.3208844e-02   7.1848224e-02   7.9796453e-02   8.7650435e-02   9.4938930e-02   1.2657477e-01   1.5211592e-01   1.9358494e-01   2.2584910e-01   2.5258405e-01
   7.5750000e-01   9.1671674e-05   4.2568580e-04   8.6613709e-04   1.8001326e-03   2.7884776e-03   3.8170351e-03   4.8788934e-03   5.9658844e-03   7.0685835e-03   8.1869905e-03   9.3179638e-03   1.0455220e-02   1.2739158e-02   1.5032521e-02   1.7322742e-02   1.9597255e-02   2.1859202e-02   2.4096016e-02   2.6313980e-02   2.8503670e-02   3.0671369e-02   3.2798227e-02   3.8044687e-02   4.3102651e-02   4.7972120e-02   5.2715925e-02   6.1732296e-02   7.0214596e-02   7.8037162e-02   8.5765479e-02   9.2928311e-02   1.2415574e-01   1.4944556e-01   1.9053759e-01   2.2261326e-01   2.4922255e-01
   7.6250000e-01   9.0226541e-05   4.2003094e-04   8.5419904e-04   1.7746857e-03   2.7482653e-03   3.7636280e-03   4.8066368e-03   5.8747783e-03   6.9649109e-03   8.0644683e-03   9.1765921e-03   1.0298141e-02   1.2550663e-02   1.4809468e-02   1.7068273e-02   1.9311370e-02   2.1541901e-02   2.3750440e-02   2.5940131e-02   2.8101546e-02   3.0240971e-02   3.2358404e-02   3.7510616e-02   4.2537165e-02   4.7375217e-02   5.2056190e-02   6.0978313e-02   6.9366366e-02   7.7126100e-02   8.4791586e-02   9.1891585e-02   1.2293052e-01   1.4806326e-01   1.8896680e-01   2.2091680e-01   2.4746325e-01
   7.6750000e-01   9.0195125e-05   4.2065926e-04   8.5576984e-04   1.7781414e-03   2.7545484e-03   3.7699112e-03   4.8192031e-03   5.8904862e-03   6.9806189e-03   8.0833179e-03   9.1985833e-03   1.0323273e-02   1.2578937e-02   1.4844025e-02   1.7105972e-02   1.9355352e-02   2.1592166e-02   2.3806989e-02   2.5996679e-02   2.8164378e-02   3.0310086e-02   3.2421236e-02   3.7604864e-02   4.2599996e-02   4.7469465e-02   5.2150438e-02   6.1103977e-02   6.9492029e-02   7.7283179e-02   8.4948665e-02   9.2080081e-02   1.2311902e-01   1.4828317e-01   1.8921813e-01   2.2119954e-01   2.4774600e-01
   7.7250000e-01   9.1451762e-05   4.2725660e-04   8.7022117e-04   1.8092432e-03   2.8035573e-03   3.8390262e-03   4.9071677e-03   5.9973004e-03   7.1094242e-03   8.2341143e-03   9.3713709e-03   1.0514911e-02   1.2814556e-02   1.5120485e-02   1.7420131e-02   1.9710352e-02   2.1981724e-02   2.4231104e-02   2.6458493e-02   2.8660750e-02   3.0837873e-02   3.2986723e-02   3.8233183e-02   4.3322563e-02   4.8223447e-02   5.2998668e-02   6.2046455e-02   7.0560171e-02   7.8382737e-02   8.6142471e-02   9.3336718e-02   1.2465840e-01   1.4997963e-01   1.9116591e-01   2.2327299e-01   2.4991370e-01
   7.7750000e-01   9.3525213e-05   4.3825218e-04   8.9284063e-04   1.8585662e-03   2.8817829e-03   3.9489820e-03   5.0485394e-03   6.1732296e-03   7.3167693e-03   8.4728754e-03   9.6415479e-03   1.0819645e-02   1.3185264e-02   1.5554025e-02   1.7919644e-02   2.0269556e-02   2.2600618e-02   2.4906547e-02   2.7190484e-02   2.9446148e-02   3.1667254e-02   3.3866369e-02   3.9238492e-02   4.4422120e-02   4.9448668e-02   5.4286721e-02   6.3523003e-02   7.2162383e-02   8.0142029e-02   8.8027426e-02   9.5315921e-02   1.2704601e-01   1.5264999e-01   1.9418184e-01   2.2650883e-01   2.5327520e-01
   7.8250000e-01   9.6949549e-05   4.5553093e-04   9.2928311e-04   1.9371060e-03   3.0068183e-03   4.1217696e-03   5.2715925e-03   6.4496897e-03   7.6466365e-03   8.8561497e-03   1.0078229e-02   1.1309734e-02   1.3779025e-02   1.6248317e-02   1.8714467e-02   2.1158627e-02   2.3583936e-02   2.5980971e-02   2.8352874e-02   3.0693360e-02   3.2986723e-02   3.5280085e-02   4.0840704e-02   4.6212828e-02   5.1365040e-02   5.6360172e-02   6.5847782e-02   7.4738489e-02   8.2906630e-02   9.0980523e-02   9.8457514e-02   1.3078450e-01   1.5682831e-01   1.9889423e-01   2.3153538e-01   2.5849024e-01
   7.8750000e-01   1.0084512e-04   4.7532297e-04   9.7043797e-04   2.0263273e-03   3.1478758e-03   4.3196899e-03   5.5292031e-03   6.7638490e-03   8.0204860e-03   9.2928311e-03   1.0574601e-02   1.1862654e-02   1.4451326e-02   1.7036857e-02   1.9612963e-02   2.2167078e-02   2.4696060e-02   2.7193626e-02   2.9662918e-02   3.2107077e-02   3.4494687e-02   3.6850882e-02   4.2631412e-02   4.8160615e-02   5.3532739e-02   5.8684951e-02   6.8455304e-02   7.7597339e-02   8.5985391e-02   9.4279196e-02   1.0191327e-01   1.3493140e-01   1.6141503e-01   2.0407786e-01   2.3703317e-01   2.6420794e-01
   7.9250000e-01   1.0373539e-04   4.9008845e-04   1.0021681e-03   2.0948140e-03   3.2578316e-03   4.4736279e-03   5.7239818e-03   7.0057516e-03   8.3095126e-03   9.6258399e-03   1.0954734e-02   1.2289910e-02   1.4966547e-02   1.7640043e-02   2.0300972e-02   2.2936768e-02   2.5547431e-02   2.8120396e-02   3.0661944e-02   3.3175218e-02   3.5625661e-02   3.8076103e-02   4.3982297e-02   4.9668580e-02   5.5166367e-02   6.0444243e-02   7.0434507e-02   7.9765037e-02   8.8310169e-02   9.6729638e-02   1.0452079e-01   1.3804158e-01   1.6483937e-01   2.0791060e-01   2.4111724e-01   2.6844909e-01
   7.9750000e-01   1.0502344e-04   4.9731412e-04   1.0172477e-03   2.1281149e-03   3.3112387e-03   4.5458846e-03   5.8213712e-03   7.1251321e-03   8.4508842e-03   9.7892027e-03   1.1140088e-02   1.2497256e-02   1.5217875e-02   1.7935352e-02   2.0637122e-02   2.3313759e-02   2.5958980e-02   2.8572785e-02   3.1148891e-02   3.3677873e-02   3.6191147e-02   3.8641590e-02   4.4642032e-02   5.0422562e-02   5.5951765e-02   6.1292473e-02   7.1376985e-02   8.0801763e-02   8.9441143e-02   9.7923443e-02   1.0577742e-01   1.3954955e-01   1.6647299e-01   2.0976414e-01   2.4309644e-01   2.7049113e-01
   8.0250000e-01   1.0596592e-04   5.0296898e-04   1.0294999e-03   2.1551326e-03   3.3552210e-03   4.6055748e-03   5.8999110e-03   7.2193799e-03   8.5639816e-03   9.9211496e-03   1.1290884e-02   1.2666902e-02   1.5422078e-02   1.8174114e-02   2.0907299e-02   2.3615352e-02   2.6295131e-02   2.8937210e-02   3.1541590e-02   3.4117696e-02   3.6630970e-02   3.9112829e-02   4.5176102e-02   5.0988049e-02   5.6580084e-02   6.1952207e-02   7.2162383e-02   8.1649993e-02   9.0320789e-02   9.8897337e-02   1.0678273e-01   1.4074335e-01   1.6779246e-01   2.1124069e-01   2.4463582e-01   2.7209334e-01
   8.0750000e-01   1.0530619e-04   5.0108403e-04   1.0257300e-03   2.1469644e-03   3.3426546e-03   4.5898669e-03   5.8747783e-03   7.1911056e-03   8.5294241e-03   9.8834505e-03   1.1246902e-02   1.2619778e-02   1.5365530e-02   1.8104998e-02   2.0831901e-02   2.3530529e-02   2.6197741e-02   2.8833537e-02   3.1415927e-02   3.3992033e-02   3.6505307e-02   3.8987165e-02   4.5019023e-02   5.0830969e-02   5.6391588e-02   6.1763712e-02   7.1942472e-02   8.1398666e-02   9.0069461e-02   9.8614593e-02   1.0649999e-01   1.4039778e-01   1.6741547e-01   2.1083228e-01   2.4419600e-01   2.7165352e-01
   8.1250000e-01   1.0046813e-04   4.7846456e-04   9.7892027e-04   2.0461193e-03   3.1792918e-03   4.3636722e-03   5.5857517e-03   6.8361056e-03   8.1053090e-03   9.3933620e-03   1.0687698e-02   1.1991459e-02   1.4605264e-02   1.7219069e-02   1.9820308e-02   2.2399556e-02   2.4953670e-02   2.7476369e-02   2.9964511e-02   3.2421236e-02   3.4840263e-02   3.7227873e-02   4.3039819e-02   4.8631854e-02   5.4035394e-02   5.9219022e-02   6.9052207e-02   7.8257073e-02   8.6707957e-02   9.5033178e-02   1.0269866e-01   1.3590530e-01   1.6245176e-01   2.0527166e-01   2.3828980e-01   2.6552741e-01
   8.1750000e-01   9.2205744e-05   4.3919465e-04   8.9692470e-04   1.8695618e-03   2.9003183e-03   3.9741147e-03   5.0830969e-03   6.2140703e-03   7.3670348e-03   8.5357072e-03   9.7138045e-03   1.0898185e-02   1.3279512e-02   1.5667123e-02   1.8048450e-02   2.0414069e-02   2.2760839e-02   2.5082476e-02   2.7378980e-02   2.9650351e-02   3.1887165e-02   3.4117696e-02   3.9521236e-02   4.4736279e-02   4.9762828e-02   5.4632296e-02   6.3899995e-02   7.2602206e-02   8.0613267e-02   8.8530081e-02   9.5849992e-02   1.2767433e-01   1.5334114e-01   1.9499866e-01   2.2735706e-01   2.5415485e-01
   8.2250000e-01   8.1901320e-05   3.8987165e-04   7.9482294e-04   1.6505928e-03   2.5541148e-03   3.4934510e-03   4.4610616e-03   5.4506633e-03   6.4591145e-03   7.4769905e-03   8.5074329e-03   9.5473001e-03   1.1639601e-02   1.3738185e-02   1.5839910e-02   1.7935352e-02   2.0018228e-02   2.2082255e-02   2.4133715e-02   2.6160042e-02   2.8170661e-02   3.0156148e-02   3.5028758e-02   3.9741147e-02   4.4327872e-02   4.8757518e-02   5.7271234e-02   6.5282295e-02   7.2696454e-02   8.0047781e-02   8.6865037e-02   1.1680441e-01   1.4124601e-01   1.8117565e-01   2.1259157e-01   2.3876104e-01
   8.2750000e-01   7.2884950e-05   3.4714599e-04   7.0623003e-04   1.4620972e-03   2.2569202e-03   3.0815882e-03   3.9301324e-03   4.7972120e-03   5.6799995e-03   6.5753534e-03   7.4801321e-03   8.3911940e-03   1.0232167e-02   1.2082565e-02   1.3939247e-02   1.5792786e-02   1.7640043e-02   1.9481016e-02   2.1306281e-02   2.3118980e-02   2.4919113e-02   2.6700396e-02   3.1079776e-02   3.5342917e-02   3.9489820e-02   4.3542474e-02   5.1302208e-02   5.8684951e-02   6.5533623e-02   7.2350879e-02   7.8696896e-02   1.0678273e-01   1.2996769e-01   1.6823229e-01   1.9858007e-01   2.2408980e-01
   8.3250000e-01   6.6758844e-05   3.1792918e-04   6.4622561e-04   1.3354910e-03   2.0580573e-03   2.8063847e-03   3.5751324e-03   4.3605306e-03   5.1616367e-03   5.9721676e-03   6.7921233e-03   7.6215038e-03   9.2896895e-03   1.0973583e-02   1.2663760e-02   1.4353937e-02   1.6044114e-02   1.7724866e-02   1.9399335e-02   2.1061237e-02   2.2713715e-02   2.4353626e-02   2.8393714e-02   3.2326988e-02   3.6191147e-02   3.9961059e-02   4.7186722e-02   5.4098225e-02   6.0569906e-02   6.6978755e-02   7.2979197e-02   9.9714151e-02   1.2192521e-01   1.5887034e-01   1.8843273e-01   2.1340839e-01
   8.3750000e-01   6.0758402e-05   2.8968626e-04   5.8810614e-04   1.2123406e-03   1.8654777e-03   2.5409201e-03   3.2358404e-03   3.9426988e-03   4.6621235e-03   5.3941146e-03   6.1323889e-03   6.8769463e-03   8.3817692e-03   9.9023000e-03   1.1432256e-02   1.2962211e-02   1.4492167e-02   1.6022123e-02   1.7542653e-02   1.9060043e-02   2.0564866e-02   2.2063405e-02   2.5761060e-02   2.9386458e-02   3.2923891e-02   3.6411059e-02   4.3134067e-02   4.9542916e-02   5.5574774e-02   6.1575216e-02   6.7230083e-02   9.2488488e-02   1.1369424e-01   1.4925707e-01   1.7790839e-01   2.0228715e-01
   8.4250000e-01   5.5511942e-05   2.6493051e-04   5.3721234e-04   1.1058406e-03   1.6992875e-03   2.3115839e-03   2.9399024e-03   3.5814156e-03   4.2317253e-03   4.8946014e-03   5.5637606e-03   6.2392030e-03   7.6026542e-03   8.9818134e-03   1.0367256e-02   1.1758981e-02   1.3153848e-02   1.4545574e-02   1.5934158e-02   1.7316459e-02   1.8695618e-02   2.0068494e-02   2.3461414e-02   2.6797785e-02   3.0074466e-02   3.3269466e-02   3.9521236e-02   4.5490262e-02   5.1145128e-02   5.6768579e-02   6.2077871e-02   8.5985391e-02   1.0621725e-01   1.4039778e-01   1.6820087e-01   1.9195131e-01
   8.4750000e-01   5.0956633e-05   2.4331635e-04   4.9323005e-04   1.0134778e-03   1.5550884e-03   2.1133494e-03   2.6857476e-03   3.2703980e-03   3.8610174e-03   4.4642032e-03   5.0736721e-03   5.6862827e-03   6.9272118e-03   8.1838489e-03   9.4499107e-03   1.0719114e-02   1.1991459e-02   1.3266946e-02   1.4536149e-02   1.5805353e-02   1.7071414e-02   1.8331193e-02   2.1457078e-02   2.4535839e-02   2.7564334e-02   3.0542564e-02   3.6348227e-02   4.1908846e-02   4.7218138e-02   5.2464597e-02   5.7459730e-02   8.0110613e-02   9.9431407e-02   1.3229247e-01   1.5924733e-01   1.8240087e-01
   8.5250000e-01   4.7155306e-05   2.2540927e-04   4.5647341e-04   9.3713709e-04   1.4366503e-03   1.9509290e-03   2.4774600e-03   3.0140440e-03   3.5594245e-03   4.1123448e-03   4.6715483e-03   5.2370350e-03   6.3774331e-03   7.5335392e-03   8.6959285e-03   9.8677425e-03   1.1039557e-02   1.2214512e-02   1.3389468e-02   1.4564424e-02   1.5733096e-02   1.6901768e-02   1.9798317e-02   2.2660308e-02   2.5481458e-02   2.8258626e-02   3.3677873e-02   3.8924333e-02   4.3888049e-02   4.8883182e-02   5.3595571e-02   7.5115480e-02   9.3650877e-02   1.2531813e-01   1.5148760e-01   1.7407565e-01
   8.5750000e-01   4.4265040e-05   2.1183759e-04   4.2882740e-04   8.7933178e-04   1.3471149e-03   1.8284069e-03   2.3203803e-03   2.8217785e-03   3.3300882e-03   3.8484510e-03   4.3699554e-03   4.8977429e-03   5.9627429e-03   7.0434507e-03   8.1304418e-03   9.2237160e-03   1.0323273e-02   1.1422831e-02   1.2525530e-02   1.3625087e-02   1.4724645e-02   1.5821061e-02   1.8544821e-02   2.1240308e-02   2.3901237e-02   2.6524467e-02   3.1667254e-02   3.6630970e-02   4.1374775e-02   4.6087164e-02   5.0611058e-02   7.1251321e-02   8.9095568e-02   1.1982034e-01   1.4533008e-01   1.6747830e-01
   8.6250000e-01   4.1877430e-05   2.0059069e-04   4.0589377e-04   8.3189373e-04   1.2736017e-03   1.7275618e-03   2.1915750e-03   2.6643847e-03   3.1447342e-03   3.6316811e-03   4.1217696e-03   4.6181412e-03   5.6234508e-03   6.6413269e-03   7.6654861e-03   8.6990701e-03   9.7357956e-03   1.0775663e-02   1.1815530e-02   1.2855397e-02   1.3892123e-02   1.4928848e-02   1.7508096e-02   2.0065352e-02   2.2594334e-02   2.5088759e-02   2.9973936e-02   3.4714599e-02   3.9269908e-02   4.3793802e-02   4.8097784e-02   6.7984065e-02   8.5294241e-02   1.1517079e-01   1.4011503e-01   1.6185485e-01
   8.6750000e-01   4.0055306e-05   1.9223405e-04   3.8892917e-04   7.9670790e-04   1.2192521e-03   1.6531061e-03   2.0966989e-03   2.5481458e-03   3.0065042e-03   3.4714599e-03   3.9395572e-03   4.4139377e-03   5.3752650e-03   6.3460172e-03   7.3261941e-03   8.3095126e-03   9.3022558e-03   1.0294999e-02   1.1290884e-02   1.2283627e-02   1.3279512e-02   1.4272255e-02   1.6744689e-02   1.9195131e-02   2.1623582e-02   2.4020617e-02   2.8723582e-02   3.3300882e-02   3.7667696e-02   4.2065926e-02   4.6244244e-02   6.5533623e-02   8.2403975e-02   1.1162079e-01   1.3612521e-01   1.5755087e-01
   8.7250000e-01   3.8296014e-05   1.8400308e-04   3.7227873e-04   7.6215038e-04   1.1658450e-03   1.5802211e-03   2.0033936e-03   2.4341060e-03   2.8714157e-03   3.3143802e-03   3.7604864e-03   4.2128757e-03   5.1302208e-03   6.0538490e-03   6.9900437e-03   7.9293799e-03   8.8749992e-03   9.8237602e-03   1.0775663e-02   1.1724424e-02   1.2676326e-02   1.3625087e-02   1.5990707e-02   1.8340618e-02   2.0668538e-02   2.2971325e-02   2.7492077e-02   3.1887165e-02   3.6128316e-02   4.0338050e-02   4.4390704e-02   6.3083180e-02   7.9513710e-02   1.0807079e-01   1.3213539e-01   1.5321547e-01
   8.7750000e-01   3.6662386e-05   1.7640043e-04   3.5688493e-04   7.3010613e-04   1.1165220e-03   1.5126769e-03   1.9169998e-03   2.3285485e-03   2.7463803e-03   3.1698670e-03   3.5971236e-03   4.0275218e-03   4.9040261e-03   5.7868137e-03   6.6790260e-03   7.5806631e-03   8.4823002e-03   9.3902204e-03   1.0298141e-02   1.1209203e-02   1.2117123e-02   1.3028185e-02   1.5296415e-02   1.7548937e-02   1.9782609e-02   2.1994290e-02   2.6345396e-02   3.0586546e-02   3.4651767e-02   3.8735837e-02   4.2662828e-02   6.0821234e-02   7.6780524e-02   1.0470928e-01   1.2833406e-01   1.4906857e-01
   8.8250000e-01   3.5374333e-05   1.7033715e-04   3.4463271e-04   7.0497339e-04   1.0772521e-03   1.4592698e-03   1.8491414e-03   2.2452963e-03   2.6477343e-03   3.0551989e-03   3.4683183e-03   3.8830085e-03   4.7249554e-03   5.5763270e-03   6.4371233e-03   7.3010613e-03   8.1744241e-03   9.0477868e-03   9.9242912e-03   1.0800796e-02   1.1677300e-02   1.2556946e-02   1.4743494e-02   1.6920618e-02   1.9082034e-02   2.1221458e-02   2.5434334e-02   2.9546679e-02   3.3520794e-02   3.7479200e-02   4.1280527e-02   5.8967694e-02   7.4612826e-02   1.0200751e-01   1.2525530e-01   1.4573848e-01
   8.8750000e-01   3.4054864e-05   1.6424246e-04   3.3206634e-04   6.7952649e-04   1.0379822e-03   1.4055486e-03   1.7806547e-03   2.1620441e-03   2.5490883e-03   2.9408449e-03   3.3363714e-03   3.7353537e-03   4.5458846e-03   5.3626987e-03   6.1920791e-03   7.0246012e-03   7.8634064e-03   8.7022117e-03   9.5473001e-03   1.0392388e-02   1.1237477e-02   1.2082565e-02   1.4190574e-02   1.6292300e-02   1.8375175e-02   2.0442343e-02   2.4516989e-02   2.8497387e-02   3.2326988e-02   3.6191147e-02   3.9866811e-02   5.7114154e-02   7.2382295e-02   9.9242912e-02   1.2208229e-01   1.4228273e-01
   8.9250000e-01   3.2766811e-05   1.5811636e-04   3.1981413e-04   6.5376543e-04   9.9871230e-04   1.3518273e-03   1.7121680e-03   2.0784777e-03   2.4498140e-03   2.8258626e-03   3.2075661e-03   3.5908404e-03   4.3668138e-03   5.1522120e-03   5.9470349e-03   6.7449994e-03   7.5523887e-03   8.3597781e-03   9.1703090e-03   9.9808399e-03   1.0794512e-02   1.1605043e-02   1.3637654e-02   1.5657698e-02   1.7668317e-02   1.9660087e-02   2.3593361e-02   2.7441812e-02   3.1158316e-02   3.4871678e-02   3.8484510e-02   5.5229199e-02   7.0120348e-02   9.6415479e-02   1.1887787e-01   1.3876415e-01
   8.9750000e-01   3.1305971e-05   1.5129910e-04   3.0595971e-04   6.2517694e-04   9.5441585e-04   1.2918229e-03   1.6355131e-03   1.9851724e-03   2.3395440e-03   2.6979998e-03   3.0605396e-03   3.4274776e-03   4.1657519e-03   4.9165925e-03   5.6737163e-03   6.4371233e-03   7.2036720e-03   7.9733622e-03   8.7493355e-03   9.5221673e-03   1.0301282e-02   1.1077256e-02   1.3015618e-02   1.4950839e-02   1.6876636e-02   1.8786724e-02   2.2556635e-02   2.6257431e-02   2.9835705e-02   3.3426546e-02   3.6882298e-02   5.3092916e-02   6.7544242e-02   9.3179638e-02   1.1517079e-01   1.3474291e-01
   9.0250000e-01   2.9826281e-05   1.4429335e-04   2.9175971e-04   5.9596013e-04   9.0949107e-04   1.2305618e-03   1.5576016e-03   1.8899821e-03   2.2267609e-03   2.5676237e-03   2.9122564e-03   3.2609732e-03   3.9646899e-03   4.6746899e-03   5.3941146e-03   6.1198225e-03   6.8518136e-03   7.5838047e-03   8.3189373e-03   9.0572116e-03   9.7954859e-03   1.0536902e-02   1.2384158e-02   1.4228273e-02   1.6066105e-02   1.7891370e-02   2.1497919e-02   2.5038493e-02   2.8475396e-02   3.1918581e-02   3.5248670e-02   5.0862385e-02   6.4905304e-02   8.9818134e-02   1.1133804e-01   1.3050176e-01
   9.0750000e-01   2.7630307e-05   1.3376902e-04   2.7042830e-04   5.5197783e-04   8.4194683e-04   1.1385132e-03   1.4404202e-03   1.7473538e-03   2.0580573e-03   2.3725308e-03   2.6901458e-03   3.0105882e-03   3.6599554e-03   4.3165483e-03   4.9794244e-03   5.6485836e-03   6.3208844e-03   6.9963268e-03   7.6780524e-03   8.3597781e-03   9.0415037e-03   9.7232293e-03   1.1435397e-02   1.3144424e-02   1.4847167e-02   1.6543627e-02   1.9898848e-02   2.3203803e-02   2.6414511e-02   2.9634644e-02   3.2766811e-02   4.7500881e-02   6.0821234e-02   8.4634506e-02   1.0533760e-01   1.2390441e-01
   9.1250000e-01   2.3803848e-05   1.1529645e-04   2.3294910e-04   4.7500881e-04   7.2350879e-04   9.7766363e-04   1.2359025e-03   1.4979114e-03   1.7633760e-03   2.0319821e-03   2.3027874e-03   2.5764201e-03   3.1290263e-03   3.6882298e-03   4.2537165e-03   4.8254863e-03   5.4003978e-03   5.9784508e-03   6.5565039e-03   7.1408401e-03   7.7251763e-03   8.3095126e-03   9.7766363e-03   1.1246902e-02   1.2714025e-02   1.4178008e-02   1.7083981e-02   1.9958538e-02   2.2770264e-02   2.5588272e-02   2.8337166e-02   4.1437607e-02   5.3407075e-02   7.5146896e-02   9.4279196e-02   1.1165220e-01
   9.1750000e-01   1.9989954e-05   9.6855302e-05   1.9556414e-04   3.9835395e-04   6.0601322e-04   8.1807073e-04   1.0335840e-03   1.2519247e-03   1.4727786e-03   1.6961459e-03   1.9213981e-03   2.1488494e-03   2.6081502e-03   3.0734201e-03   3.5437165e-03   4.0180970e-03   4.4956191e-03   4.9762828e-03   5.4569464e-03   5.9438933e-03   6.4308402e-03   6.9177870e-03   8.1430082e-03   9.3713709e-03   1.0602875e-02   1.1831238e-02   1.4284822e-02   1.6719556e-02   1.9110308e-02   2.1516768e-02   2.3872963e-02   3.5217254e-02   4.5741589e-02   6.5125216e-02   8.2498223e-02   9.8426098e-02
   9.2250000e-01   1.5949866e-05   7.7314595e-05   1.5598008e-04   3.1730086e-04   4.8223447e-04   6.5030968e-04   8.2089816e-04   9.9368576e-04   1.1683583e-03   1.3449158e-03   1.5227300e-03   1.7021149e-03   2.0643405e-03   2.4309644e-03   2.8013582e-03   3.1761502e-03   3.5499997e-03   3.9301324e-03   4.3102651e-03   4.6935394e-03   5.0799553e-03   5.4632296e-03   6.4339818e-03   7.4110171e-03   8.3880524e-03   9.3682293e-03   1.1328583e-02   1.3285795e-02   1.5221016e-02   1.7168804e-02   1.9088317e-02   2.8431414e-02   3.7290705e-02   5.3846898e-02   6.9020791e-02   8.3157958e-02
   9.2750000e-01   1.2120264e-05   5.8779199e-05   1.1850087e-04   2.4067741e-04   3.6568138e-04   4.9260173e-04   6.2140703e-04   7.5146896e-04   8.8310169e-04   1.0156769e-03   1.1495088e-03   1.2842831e-03   1.5566592e-03   1.8318627e-03   2.1098936e-03   2.3904379e-03   2.6731812e-03   2.9578095e-03   3.2452652e-03   3.5311501e-03   3.8201767e-03   4.1123448e-03   4.8411943e-03   5.5763270e-03   6.3177428e-03   7.0591587e-03   8.5514152e-03   1.0043672e-02   1.1532787e-02   1.3031326e-02   1.4517300e-02   2.1840352e-02   2.8912077e-02   4.2442917e-02   5.5103535e-02   6.7167251e-02
   9.3250000e-01   9.6164151e-06   4.6652651e-05   9.4059284e-05   1.9088317e-04   2.8974909e-04   3.9018581e-04   4.9197341e-04   5.9470349e-04   6.9837605e-04   8.0330524e-04   9.0886275e-04   1.0150486e-03   1.2296194e-03   1.4463893e-03   1.6653583e-03   1.8862122e-03   2.1089511e-03   2.3329467e-03   2.5585131e-03   2.7850219e-03   3.0127874e-03   3.2421236e-03   3.8170351e-03   4.3982297e-03   4.9825659e-03   5.5700438e-03   6.7544242e-03   7.9419462e-03   9.1326098e-03   1.0329557e-02   1.1523362e-02   1.7457830e-02   2.3269777e-02   3.4557519e-02   4.5364598e-02   5.5763270e-02
   9.3750000e-01   7.7723002e-06   3.7730528e-05   7.6057958e-05   1.5428362e-04   2.3408007e-04   3.1510174e-04   3.9709731e-04   4.8003536e-04   5.6360172e-04   6.4779641e-04   7.3261941e-04   8.1838489e-04   9.9085832e-04   1.1652167e-03   1.3414601e-03   1.5189600e-03   1.6980308e-03   1.8780441e-03   2.0593140e-03   2.2415264e-03   2.4246812e-03   2.6087785e-03   3.0724776e-03   3.5405749e-03   4.0118138e-03   4.4861943e-03   5.4412385e-03   6.4025658e-03   7.3701764e-03   8.3440701e-03   9.3179638e-03   1.4187432e-02   1.9012919e-02   2.8509953e-02   3.7730528e-02   4.6746899e-02
   9.4250000e-01   6.3931411e-06   3.1073493e-05   6.2611942e-05   1.2695176e-04   1.9254821e-04   2.5908715e-04   3.2641148e-04   3.9458404e-04   4.6307076e-04   5.3218580e-04   6.0192915e-04   6.7198667e-04   8.1367250e-04   9.5661496e-04   1.1008141e-03   1.2462698e-03   1.3929822e-03   1.5406370e-03   1.6892344e-03   1.8384600e-03   1.9886281e-03   2.1397388e-03   2.5198715e-03   2.9034599e-03   3.2892475e-03   3.6788050e-03   4.4673448e-03   5.2590261e-03   6.0569906e-03   6.8612384e-03   7.6654861e-03   1.1721282e-02   1.5777078e-02   2.3838405e-02   3.1792918e-02   3.9615483e-02
   9.4750000e-01   5.5983181e-06   2.7228184e-05   5.4852208e-05   1.1121238e-04   1.6867211e-04   2.2691724e-04   2.8585352e-04   3.4526103e-04   4.0526545e-04   4.6589819e-04   5.2684509e-04   5.8810614e-04   7.1188490e-04   8.3692028e-04   9.6289815e-04   1.0901327e-03   1.2183096e-03   1.3474291e-03   1.4771769e-03   1.6078671e-03   1.7391857e-03   1.8711326e-03   2.2035131e-03   2.5390352e-03   2.8773847e-03   3.2169909e-03   3.9081413e-03   4.6024332e-03   5.2998668e-03   6.0067252e-03   6.7167251e-03   1.0291858e-02   1.3888981e-02   2.1086370e-02   2.8233493e-02   3.5342917e-02
   9.5250000e-01   5.0830969e-06   2.4740042e-05   4.9857075e-05   1.0106504e-04   1.5324689e-04   2.0615131e-04   2.5965263e-04   3.1368803e-04   3.6819466e-04   4.2317253e-04   4.7846456e-04   5.3407075e-04   6.4622561e-04   7.5963710e-04   8.7430524e-04   9.8960169e-04   1.1058406e-03   1.2230220e-03   1.3408317e-03   1.4592698e-03   1.5783361e-03   1.6980308e-03   1.9996237e-03   2.3043582e-03   2.6116060e-03   2.9213670e-03   3.5468581e-03   4.1783182e-03   4.8160615e-03   5.4569464e-03   6.1041145e-03   9.3682293e-03   1.2660618e-02   1.9283096e-02   2.5896148e-02   3.2515484e-02
   9.5750000e-01   4.7343801e-06   2.3071856e-05   4.6495571e-05   9.4247780e-05   1.4287963e-04   1.9220264e-04   2.4209113e-04   2.9245086e-04   3.4337608e-04   3.9458404e-04   4.4610616e-04   4.9794244e-04   6.0255747e-04   7.0811498e-04   8.1492913e-04   9.2237160e-04   1.0307565e-03   1.1397698e-03   1.2494114e-03   1.3596813e-03   1.4708937e-03   1.5824202e-03   1.8632786e-03   2.1472786e-03   2.4334777e-03   2.7221900e-03   3.3049555e-03   3.8955749e-03   4.4893359e-03   5.0893801e-03   5.6925659e-03   8.7461939e-03   1.1831238e-02   1.8061016e-02   2.4303361e-02   3.0567697e-02
   9.6250000e-01   4.5741589e-06   2.2311591e-05   4.4956191e-05   9.1137603e-05   1.3819866e-04   1.8588804e-04   2.3411148e-04   2.8280617e-04   3.3206634e-04   3.8138935e-04   4.3134067e-04   4.8129199e-04   5.8245128e-04   6.8486720e-04   7.8791144e-04   8.9189815e-04   9.9651319e-04   1.1020707e-03   1.2079424e-03   1.3147565e-03   1.4218848e-03   1.5299556e-03   1.8013892e-03   2.0759644e-03   2.3527387e-03   2.6320263e-03   3.1949997e-03   3.7667696e-03   4.3416810e-03   4.9197341e-03   5.5040703e-03   8.4603090e-03   1.1454247e-02   1.7501813e-02   2.3574511e-02   2.9675484e-02
   9.6750000e-01   4.5050439e-06   2.2000573e-05   4.4327872e-05   8.9880966e-05   1.3628229e-04   1.8334335e-04   2.3090706e-04   2.7891060e-04   3.2735395e-04   3.7604864e-04   4.2537165e-04   4.7469465e-04   5.7459730e-04   6.7512826e-04   7.7691586e-04   8.7933178e-04   9.8269018e-04   1.0866769e-03   1.1912919e-03   1.2965353e-03   1.4024070e-03   1.5085928e-03   1.7765706e-03   2.0473759e-03   2.3203803e-03   2.5955839e-03   3.1510174e-03   3.7133625e-03   4.2819908e-03   4.8537606e-03   5.4286721e-03   8.3472117e-03   1.1303450e-02   1.7275618e-02   2.3282343e-02   2.9317343e-02
   9.7250000e-01   4.5019023e-06   2.2006857e-05   4.4359288e-05   8.9912382e-05   1.3634512e-04   1.8340618e-04   2.3100131e-04   2.7903626e-04   3.2735395e-04   3.7636280e-04   4.2537165e-04   4.7500881e-04   5.7459730e-04   6.7544242e-04   7.7723002e-04   8.7996010e-04   9.8331850e-04   1.0873052e-03   1.1919203e-03   1.2971636e-03   1.4030353e-03   1.5092211e-03   1.7775131e-03   2.0483184e-03   2.3213228e-03   2.5968405e-03   3.1541590e-03   3.7165041e-03   4.2819908e-03   4.8569022e-03   5.4318137e-03   8.3503533e-03   1.1306592e-02   1.7285043e-02   2.3291768e-02   2.9326767e-02
   9.7750000e-01   4.5773005e-06   2.2399556e-05   4.5144686e-05   9.1546010e-05   1.3882698e-04   1.8673627e-04   2.3521104e-04   2.8412564e-04   3.3332298e-04   3.8327430e-04   4.3322563e-04   4.8349111e-04   5.8527871e-04   6.8800879e-04   7.9136719e-04   8.9598222e-04   1.0012256e-03   1.1070973e-03   1.2135972e-03   1.3210397e-03   1.4287963e-03   1.5368671e-03   1.8098715e-03   2.0857034e-03   2.3640485e-03   2.6442785e-03   3.2107077e-03   3.7824776e-03   4.3605306e-03   4.9448668e-03   5.5292031e-03   8.5011497e-03   1.1507654e-02   1.7580352e-02   2.3675042e-02   2.9801148e-02
   9.8250000e-01   4.7029642e-06   2.3031016e-05   4.6432739e-05   9.4153532e-05   1.4278539e-04   1.9204556e-04   2.4190263e-04   2.9223095e-04   3.4306192e-04   3.9426988e-04   4.4579200e-04   4.9762828e-04   6.0192915e-04   7.0780082e-04   8.1430082e-04   9.2174328e-04   1.0301282e-03   1.1388273e-03   1.2487831e-03   1.3590530e-03   1.4699512e-03   1.5811636e-03   1.8620220e-03   2.1460219e-03   2.4322210e-03   2.7206192e-03   3.3018139e-03   3.8924333e-03   4.4861943e-03   5.0862385e-03   5.6862827e-03   8.7399108e-03   1.1824955e-02   1.8051591e-02   2.4290794e-02   3.0551989e-02
   9.8750000e-01   4.8254863e-06   2.3656193e-05   4.7689376e-05   9.6729638e-05   1.4668096e-04   1.9735485e-04   2.4856281e-04   3.0027343e-04   3.5248670e-04   4.0495129e-04   4.5804421e-04   5.1113712e-04   6.1857959e-04   7.2727870e-04   8.3692028e-04   9.4719019e-04   1.0587167e-03   1.1705574e-03   1.2833406e-03   1.3967521e-03   1.5107919e-03   1.6251459e-03   1.9138582e-03   2.2053980e-03   2.4997653e-03   2.7960175e-03   3.3960617e-03   3.9992474e-03   4.6087164e-03   5.2244686e-03   5.8433623e-03   8.9755302e-03   1.2139114e-02   1.8516547e-02   2.4897122e-02   3.1290263e-02
   9.9250000e-01   4.9825659e-06   2.4447874e-05   4.9291589e-05   9.9996894e-05   1.5164468e-04   2.0401503e-04   2.5701369e-04   3.1048360e-04   3.6442475e-04   4.1877430e-04   4.7343801e-04   5.2873004e-04   6.3962826e-04   7.5209728e-04   8.6550878e-04   9.7954859e-04   1.0948450e-03   1.2107698e-03   1.3273229e-03   1.4445043e-03   1.5623140e-03   1.6807521e-03   1.9795175e-03   2.2811104e-03   2.5852166e-03   2.8918360e-03   3.5091590e-03   4.1374775e-03   4.7657961e-03   5.4035394e-03   6.0412827e-03   9.2739815e-03   1.2538096e-02   1.9104025e-02   2.5660529e-02   3.2232741e-02
   9.9750000e-01   5.2181854e-06   2.5619688e-05   5.1679199e-05   1.0483495e-04   1.5899600e-04   2.1391104e-04   2.6945440e-04   3.2546900e-04   3.8201767e-04   4.3919465e-04   4.9668580e-04   5.5449110e-04   6.7104419e-04   7.8885392e-04   9.0760612e-04   1.0276150e-03   1.1482521e-03   1.2698318e-03   1.3920397e-03   1.5151901e-03   1.6389689e-03   1.7630618e-03   2.0762786e-03   2.3926370e-03   2.7115086e-03   3.0332077e-03   3.6819466e-03   4.3385395e-03   4.9982739e-03   5.6642916e-03   6.3334508e-03   9.7169461e-03   1.3122433e-02   1.9964821e-02   2.6782077e-02   3.3583625e-02
