   4.0070000e-01   1.5883333e-02
   4.0220000e-01   1.5766667e-02
   4.0370000e-01   1.5766667e-02
   4.0510000e-01   1.5650000e-02
   4.0660000e-01   1.5666667e-02
   4.0810000e-01   1.5566667e-02
   4.0950000e-01   1.5633333e-02
   4.1100000e-01   1.5500000e-02
   4.1250000e-01   1.5533333e-02
   4.1390000e-01   1.5450000e-02
   4.1540000e-01   1.5533333e-02
   4.1680000e-01   1.5483333e-02
   4.1830000e-01   1.5550000e-02
   4.1980000e-01   1.5466667e-02
   4.2120000e-01   1.5516667e-02
   4.2270000e-01   1.5466667e-02
   4.2410000e-01   1.5550000e-02
   4.2560000e-01   1.5533333e-02
   4.2700000e-01   1.5650000e-02
   4.2850000e-01   1.5650000e-02
   4.3000000e-01   1.5716667e-02
   4.3140000e-01   1.5700000e-02
   4.3290000e-01   1.5700000e-02
   4.3430000e-01   1.5716667e-02
   4.3580000e-01   1.5733333e-02
   4.3720000e-01   1.5800000e-02
   4.3870000e-01   1.5916667e-02
   4.4010000e-01   1.5950000e-02
   4.4160000e-01   1.6050000e-02
   4.4300000e-01   1.6116667e-02
   4.4450000e-01   1.6250000e-02
   4.4590000e-01   1.6350000e-02
   4.4740000e-01   1.6450000e-02
   4.4880000e-01   1.6583333e-02
   4.5020000e-01   1.6716667e-02
   4.5170000e-01   1.6816667e-02
   4.5310000e-01   1.6916667e-02
   4.5460000e-01   1.7033333e-02
   4.5600000e-01   1.7100000e-02
   4.5750000e-01   1.7216667e-02
   4.5890000e-01   1.7266667e-02
   4.6030000e-01   1.7350000e-02
   4.6180000e-01   1.7450000e-02
   4.6320000e-01   1.7533333e-02
   4.6470000e-01   1.7650000e-02
   4.6610000e-01   1.7766667e-02
   4.6750000e-01   1.7866667e-02
   4.6900000e-01   1.8000000e-02
   4.7040000e-01   1.8100000e-02
   4.7180000e-01   1.8250000e-02
   4.7330000e-01   1.8366667e-02
   4.7470000e-01   1.8500000e-02
   4.7610000e-01   1.8666667e-02
   4.7760000e-01   1.8816667e-02
   4.7900000e-01   1.8966667e-02
   4.8040000e-01   1.9100000e-02
   4.8190000e-01   1.9216667e-02
   4.8330000e-01   1.9266667e-02
   4.8470000e-01   1.9350000e-02
   4.8610000e-01   1.9416667e-02
   4.8760000e-01   1.9466667e-02
   4.8900000e-01   1.9433333e-02
   4.9040000e-01   1.9466667e-02
   4.9190000e-01   1.9416667e-02
   4.9330000e-01   1.9400000e-02
   4.9470000e-01   1.9366667e-02
   4.9610000e-01   1.9350000e-02
   4.9750000e-01   1.9283333e-02
   4.9900000e-01   1.9266667e-02
   5.0040000e-01   1.9233333e-02
   5.0180000e-01   1.9216667e-02
   5.0320000e-01   1.9183333e-02
   5.0460000e-01   1.9150000e-02
   5.0610000e-01   1.9083333e-02
   5.0750000e-01   1.8983333e-02
   5.0890000e-01   1.8816667e-02
   5.1030000e-01   1.8616667e-02
   5.1170000e-01   1.8433333e-02
   5.1310000e-01   1.8283333e-02
   5.1450000e-01   1.8216667e-02
   5.1600000e-01   1.8216667e-02
   5.1740000e-01   1.8283333e-02
   5.1880000e-01   1.8316667e-02
   5.2020000e-01   1.8333333e-02
   5.2160000e-01   1.8350000e-02
   5.2300000e-01   1.8350000e-02
   5.2440000e-01   1.8333333e-02
   5.2580000e-01   1.8316667e-02
   5.2720000e-01   1.8283333e-02
   5.2870000e-01   1.8250000e-02
   5.3010000e-01   1.8150000e-02
   5.3150000e-01   1.8100000e-02
   5.3290000e-01   1.8016667e-02
   5.3430000e-01   1.7900000e-02
   5.3570000e-01   1.7750000e-02
   5.3710000e-01   1.7616667e-02
   5.3850000e-01   1.7516667e-02
   5.3990000e-01   1.7333333e-02
   5.4130000e-01   1.7200000e-02
   5.4270000e-01   1.7016667e-02
   5.4410000e-01   1.6816667e-02
   5.4550000e-01   1.6616667e-02
   5.4690000e-01   1.6416667e-02
   5.4830000e-01   1.6200000e-02
   5.4970000e-01   1.6000000e-02
   5.5110000e-01   1.5816667e-02
   5.5250000e-01   1.5633333e-02
   5.5390000e-01   1.5500000e-02
   5.5530000e-01   1.5383333e-02
   5.5670000e-01   1.5283333e-02
   5.5810000e-01   1.5150000e-02
   5.5950000e-01   1.5016667e-02
   5.6080000e-01   1.4916667e-02
   5.6220000e-01   1.4783333e-02
   5.6360000e-01   1.4650000e-02
   5.6500000e-01   1.4516667e-02
   5.6640000e-01   1.4366667e-02
   5.6780000e-01   1.4216667e-02
   5.6920000e-01   1.4066667e-02
   5.7060000e-01   1.3916667e-02
   5.7200000e-01   1.3766667e-02
   5.7340000e-01   1.3566667e-02
   5.7480000e-01   1.3383333e-02
   5.7610000e-01   1.3150000e-02
   5.7750000e-01   1.2933333e-02
   5.7890000e-01   1.2633333e-02
   5.8030000e-01   1.2266667e-02
   5.8170000e-01   1.1950000e-02
   5.8310000e-01   1.1566667e-02
   5.8440000e-01   1.1200000e-02
   5.8580000e-01   1.0833333e-02
   5.8720000e-01   1.0483333e-02
   5.8860000e-01   1.0133333e-02
   5.9000000e-01   9.7666667e-03
   5.9130000e-01   9.3833333e-03
   5.9270000e-01   9.0333333e-03
   5.9410000e-01   8.6333333e-03
   5.9550000e-01   8.2333333e-03
   5.9690000e-01   7.8000000e-03
   5.9820000e-01   7.4166667e-03
   5.9960000e-01   7.0666667e-03
   6.0100000e-01   6.7666667e-03
   6.0240000e-01   6.5000000e-03
   6.0370000e-01   6.3500000e-03
   6.0510000e-01   6.2000000e-03
   6.0650000e-01   6.1500000e-03
   6.0790000e-01   6.0500000e-03
   6.0920000e-01   6.0000000e-03
   6.1060000e-01   5.9333333e-03
   6.1200000e-01   5.9000000e-03
   6.1330000e-01   5.8500000e-03
   6.1470000e-01   5.7666667e-03
   6.1610000e-01   5.7166667e-03
   6.1750000e-01   5.6666667e-03
   6.1880000e-01   5.6000000e-03
   6.2020000e-01   5.5500000e-03
   6.2150000e-01   5.4833333e-03
   6.2290000e-01   5.4500000e-03
   6.2430000e-01   5.4000000e-03
   6.2570000e-01   5.3500000e-03
   6.2700000e-01   5.3333333e-03
   6.2840000e-01   5.2833333e-03
   6.2970000e-01   5.2500000e-03
   6.3110000e-01   5.2000000e-03
   6.3250000e-01   5.1666667e-03
   6.3380000e-01   5.1000000e-03
   6.3520000e-01   5.0833333e-03
   6.3650000e-01   5.0500000e-03
   6.3790000e-01   5.0333333e-03
   6.3930000e-01   4.9666667e-03
   6.4060000e-01   4.9666667e-03
   6.4200000e-01   4.9000000e-03
   6.4330000e-01   4.8666667e-03
   6.4470000e-01   4.8166667e-03
   6.4600000e-01   4.7666667e-03
   6.4740000e-01   4.7333333e-03
   6.4880000e-01   4.7000000e-03
   6.5010000e-01   4.6500000e-03
   6.5150000e-01   4.6000000e-03
   6.5280000e-01   4.5333333e-03
   6.5420000e-01   4.4833333e-03
   6.5550000e-01   4.4000000e-03
   6.5690000e-01   4.3000000e-03
   6.5820000e-01   4.2166667e-03
   6.5960000e-01   4.1500000e-03
   6.6090000e-01   4.1166667e-03
   6.6230000e-01   4.0500000e-03
   6.6360000e-01   4.0500000e-03
   6.6500000e-01   4.0000000e-03
   6.6630000e-01   4.0166667e-03
   6.6770000e-01   4.0000000e-03
   6.6900000e-01   4.0166667e-03
   6.7030000e-01   4.0000000e-03
   6.7170000e-01   4.0333333e-03
   6.7300000e-01   4.0500000e-03
   6.7440000e-01   4.0333333e-03
   6.7570000e-01   4.0666667e-03
   6.7710000e-01   4.0666667e-03
   6.7840000e-01   4.1000000e-03
   6.7970000e-01   4.1166667e-03
   6.8110000e-01   4.1166667e-03
   6.8240000e-01   4.0666667e-03
   6.8380000e-01   4.0833333e-03
   6.8510000e-01   4.0666667e-03
   6.8640000e-01   4.0666667e-03
   6.8780000e-01   4.0000000e-03
   6.8910000e-01   3.9333333e-03
   6.9040000e-01   3.8333333e-03
   6.9180000e-01   3.7333333e-03
   6.9310000e-01   3.6333333e-03
   6.9440000e-01   3.5333333e-03
   6.9580000e-01   3.4333333e-03
   6.9710000e-01   3.3833333e-03
   6.9840000e-01   3.3166667e-03
   6.9980000e-01   3.2333333e-03
   7.0110000e-01   3.1666667e-03
   7.0240000e-01   3.1166667e-03
   7.0370000e-01   3.0333333e-03
   7.0510000e-01   2.9666667e-03
   7.0640000e-01   2.9000000e-03
   7.0770000e-01   2.8333333e-03
   7.0900000e-01   2.7666667e-03
   7.1040000e-01   2.7166667e-03
   7.1170000e-01   2.6333333e-03
   7.1300000e-01   2.6000000e-03
   7.1430000e-01   2.5333333e-03
   7.1560000e-01   2.5000000e-03
   7.1700000e-01   2.4333333e-03
   7.1830000e-01   2.4000000e-03
   7.1960000e-01   2.3500000e-03
   7.2090000e-01   2.3166667e-03
   7.2220000e-01   2.2333333e-03
   7.2350000e-01   2.2166667e-03
   7.2490000e-01   2.1833333e-03
   7.2620000e-01   2.1333333e-03
   7.2750000e-01   2.0833333e-03
   7.2880000e-01   2.0500000e-03
   7.3010000e-01   2.0000000e-03
   7.3140000e-01   2.0333333e-03
   7.3270000e-01   1.9500000e-03
   7.3400000e-01   1.9500000e-03
   7.3540000e-01   1.9000000e-03
   7.3670000e-01   1.9333333e-03
   7.3800000e-01   1.9000000e-03
   7.3930000e-01   1.9000000e-03
   7.4060000e-01   1.8666667e-03
   7.4190000e-01   1.8833333e-03
   7.4320000e-01   1.8500000e-03
   7.4450000e-01   1.8666667e-03
   7.4580000e-01   1.8500000e-03
   7.4710000e-01   1.8500000e-03
   7.4840000e-01   1.8500000e-03
   7.4970000e-01   1.8333333e-03
   7.5100000e-01   1.8333333e-03
   7.5230000e-01   1.8333333e-03
   7.5360000e-01   1.8166667e-03
   7.5490000e-01   1.8166667e-03
   7.5620000e-01   1.8333333e-03
   7.5750000e-01   1.8166667e-03
   7.5880000e-01   1.8000000e-03
   7.6010000e-01   1.8000000e-03
   7.6130000e-01   1.8333333e-03
   7.6260000e-01   1.8666667e-03
   7.6390000e-01   1.8500000e-03
   7.6520000e-01   1.8333333e-03
   7.6650000e-01   1.8333333e-03
   7.6780000e-01   1.8166667e-03
   7.6910000e-01   1.7833333e-03
   7.7040000e-01   1.8000000e-03
   7.7170000e-01   1.7833333e-03
   7.7290000e-01   1.8166667e-03
   7.7420000e-01   1.8000000e-03
   7.7550000e-01   1.8166667e-03
   7.7680000e-01   1.7666667e-03
   7.7800000e-01   1.8000000e-03
   7.7930000e-01   1.7666667e-03
   7.8060000e-01   1.8333333e-03
   7.8190000e-01   1.8000000e-03
   7.8320000e-01   1.7833333e-03
   7.8440000e-01   1.8000000e-03
   7.8570000e-01   1.7833333e-03
   7.8700000e-01   1.8166667e-03
   7.8820000e-01   1.7833333e-03
   7.8950000e-01   1.8333333e-03
   7.9080000e-01   1.7666667e-03
   7.9210000e-01   1.8166667e-03
   7.9330000e-01   1.8000000e-03
   7.9460000e-01   1.8166667e-03
   7.9590000e-01   1.8000000e-03
   7.9710000e-01   1.8333333e-03
   7.9840000e-01   1.8000000e-03
   7.9970000e-01   1.8333333e-03
   8.0090000e-01   1.8000000e-03
   8.0220000e-01   1.8166667e-03
   8.0340000e-01   1.8000000e-03
   8.0470000e-01   1.8500000e-03
   8.0600000e-01   1.7833333e-03
   8.0720000e-01   1.8333333e-03
   8.0850000e-01   1.7666667e-03
   8.0970000e-01   1.8333333e-03
   8.1100000e-01   1.8000000e-03
   8.1220000e-01   1.8166667e-03
   8.1350000e-01   1.7833333e-03
   8.1470000e-01   1.8333333e-03
   8.1600000e-01   1.8000000e-03
   8.1720000e-01   1.8500000e-03
   8.1850000e-01   1.7833333e-03
   8.1970000e-01   1.8166667e-03
   8.2100000e-01   1.8000000e-03
   8.2220000e-01   1.8000000e-03
   8.2340000e-01   1.8000000e-03
   8.2470000e-01   1.7833333e-03
   8.2590000e-01   1.7833333e-03
   8.2720000e-01   1.7333333e-03
   8.2840000e-01   1.7166667e-03
   8.2960000e-01   1.7166667e-03
   8.3090000e-01   1.7166667e-03
   8.3210000e-01   1.7000000e-03
   8.3330000e-01   1.7000000e-03
   8.3460000e-01   1.7000000e-03
   8.3580000e-01   1.7333333e-03
   8.3700000e-01   1.7000000e-03
   8.3830000e-01   1.7000000e-03
   8.3950000e-01   1.6833333e-03
   8.4070000e-01   1.7166667e-03
   8.4190000e-01   1.6666667e-03
   8.4320000e-01   1.7166667e-03
   8.4440000e-01   1.7166667e-03
   8.4560000e-01   1.6666667e-03
   8.4680000e-01   1.6833333e-03
   8.4800000e-01   1.7333333e-03
   8.4930000e-01   1.6666667e-03
   8.5050000e-01   1.6833333e-03
   8.5170000e-01   1.7166667e-03
   8.5290000e-01   1.6666667e-03
   8.5410000e-01   1.7000000e-03
   8.5530000e-01   1.6666667e-03
   8.5660000e-01   1.7333333e-03
   8.5780000e-01   1.6666667e-03
   8.5900000e-01   1.7166667e-03
   8.6020000e-01   1.6666667e-03
   8.6140000e-01   1.7166667e-03
   8.6260000e-01   1.6500000e-03
   8.6380000e-01   1.7500000e-03
   8.6500000e-01   1.6333333e-03
   8.6620000e-01   1.7333333e-03
   8.6740000e-01   1.6500000e-03
   8.6860000e-01   1.7333333e-03
   8.6980000e-01   1.7000000e-03
   8.7100000e-01   1.7333333e-03
   8.7220000e-01   1.7000000e-03
   8.7340000e-01   1.7000000e-03
   8.7460000e-01   1.7000000e-03
   8.7580000e-01   1.6833333e-03
   8.7700000e-01   1.7500000e-03
   8.7820000e-01   1.6500000e-03
   8.7940000e-01   1.7000000e-03
   8.8060000e-01   1.6666667e-03
   8.8180000e-01   1.7666667e-03
   8.8300000e-01   1.6500000e-03
   8.8420000e-01   1.7500000e-03
   8.8530000e-01   1.6333333e-03
   8.8650000e-01   1.7500000e-03
   8.8770000e-01   1.6666667e-03
   8.8890000e-01   1.7666667e-03
   8.9010000e-01   1.6666667e-03
   8.9120000e-01   1.8166667e-03
   8.9240000e-01   1.6500000e-03
   8.9360000e-01   1.8000000e-03
   8.9480000e-01   1.6333333e-03
   8.9600000e-01   1.7500000e-03
   8.9710000e-01   1.5833333e-03
   8.9830000e-01   1.7500000e-03
   8.9950000e-01   1.6666667e-03
   9.0070000e-01   1.7833333e-03
   9.0180000e-01   1.7333333e-03
   9.0300000e-01   1.7666667e-03
   9.0420000e-01   1.6666667e-03
   9.0530000e-01   1.7000000e-03
   9.0650000e-01   1.7500000e-03
   9.0770000e-01   1.7000000e-03
   9.0880000e-01   1.8000000e-03
   9.1000000e-01   1.7000000e-03
   9.1120000e-01   1.7666667e-03
   9.1230000e-01   1.7333333e-03
   9.1350000e-01   1.8333333e-03
   9.1460000e-01   1.7666667e-03
   9.1580000e-01   1.7833333e-03
   9.1700000e-01   1.5500000e-03
   9.1810000e-01   1.7666667e-03
   9.1930000e-01   1.7166667e-03
   9.2040000e-01   1.8666667e-03
   9.2160000e-01   1.7500000e-03
   9.2270000e-01   1.7333333e-03
   9.2390000e-01   1.6500000e-03
   9.2500000e-01   1.7500000e-03
   9.2620000e-01   1.6833333e-03
   9.2730000e-01   1.7166667e-03
   9.2850000e-01   1.6500000e-03
   9.2970000e-01   1.8500000e-03
   9.3080000e-01   1.8333333e-03
   9.3200000e-01   1.7833333e-03
   9.3310000e-01   1.5833333e-03
   9.3420000e-01   1.8000000e-03
   9.3540000e-01   2.2166667e-03
   9.3650000e-01   1.6833333e-03
   9.3770000e-01   1.8000000e-03
   9.3880000e-01   1.6833333e-03
   9.4000000e-01   2.0166667e-03
   9.4110000e-01   1.8666667e-03
   9.4220000e-01   1.8333333e-03
   9.4340000e-01   1.6166667e-03
   9.4450000e-01   1.8166667e-03
   9.4570000e-01   1.9000000e-03
   9.4680000e-01   2.0333333e-03
   9.4800000e-01   1.8666667e-03
   9.4910000e-01   2.2833333e-03
   9.5020000e-01   1.7166667e-03
   9.5140000e-01   2.2666667e-03
   9.5250000e-01   1.1666667e-03
   9.5360000e-01   2.3166667e-03
   9.5480000e-01   1.2333333e-03
   9.5590000e-01   2.4333333e-03
   9.5700000e-01   1.7166667e-03
   9.5820000e-01   2.2666667e-03
   9.5930000e-01   1.5333333e-03
   9.6040000e-01   2.0166667e-03
   9.6160000e-01   1.8500000e-03
   9.6270000e-01   2.0666667e-03
   9.6380000e-01   1.8666667e-03
   9.6500000e-01   1.8333333e-03
   9.6610000e-01   2.0166667e-03
   9.6720000e-01   1.9000000e-03
   9.6840000e-01   2.0333333e-03
   9.6950000e-01   1.8333333e-03
   9.7060000e-01   1.8666667e-03
   9.7180000e-01   1.9333333e-03
   9.7290000e-01   1.7333333e-03
   9.7400000e-01   1.9500000e-03
   9.7520000e-01   1.7833333e-03
   9.7630000e-01   2.0166667e-03
   9.7740000e-01   1.9166667e-03
   9.7850000e-01   2.0500000e-03
   9.7970000e-01   1.7833333e-03
   9.8060000e-01   1.9500000e-03
   9.8440000e-01   1.9500000e-03
   9.8830000e-01   1.9833333e-03
   9.9220000e-01   1.9500000e-03
   9.9600000e-01   2.0333333e-03
   9.9990000e-01   2.0166667e-03
